P0140 0.522634 555.221069 668.444946 661.559448 769.219116
P0141 0.959583 732.171265 542.794556 960.776123 767.081665
P0141 0.356084 926.265021 544.105469 944.389584 702.63916
P0141 0.176592 935.508078 505.166229 966.691132 743.234009
P0141 0.090789 1013.626892 634.880432 1023.181824 774.516907
P0141 0.084509 3534.556763 1474.193542 3762.559082 1727.173401
P0141 0.015598 986.029297 570.741455 1016.667114 828.346191
P0141 0.007607 925.0 519.355286 1024.90094 717.107117
P0141 0.005224 2773.0 438.36322 3141.086792 703.302063
P0065 0.010501 952.664917 390.89151 1002.693115 437.046906
P0144 0.058424 338.25238 334.604858 506.049438 596.426575
P0144 0.007147 479.009094 564.739746 503.729919 609.723999
P0066 0.03513 2143.501434 2619.55896 2218.808228 2856.022827
P0066 0.012231 2162.755978 2677.907288 2192.598068 2804.117981
P0066 0.008617 1432.499908 2271.790478 1549.374207 2305.349579
P0066 0.006206 1869.09145 2649.88501 1952.693268 2930.716675
P0066 0.005119 1867.862534 507.681274 2017.373566 640.762207
P0085 0.674048 526.039429 1245.414429 921.057617 1596.078308
P0085 0.310127 1862.649292 932.527115 2152.581726 1209.189636
P0085 0.012967 564.093994 1619.745071 901.753052 2016.694824
P0085 0.00848 697.138245 1401.76532 746.80011 1423.918518
P0085 0.007185 1976.090515 1052.971039 2024.965088 1085.011414
P0085 0.006058 2374.876404 1500.06134 2578.901794 1948.0
P0085 0.00575 2177.567627 1293.31488 2537.246338 1692.394958
P0149 0.631815 432.767151 405.120483 539.269775 486.988037
P0149 0.108516 329.131317 346.622711 603.192139 513.139343
P0087 0.156955 665.881104 941.001099 1024.0 1124.885315
P0087 0.152487 3492.329163 1197.934143 3742.268982 1473.728699
P0087 0.027482 2325.805328 2031.152695 2367.988892 2046.801834
P0087 0.015199 838.953491 1009.696335 870.301025 1055.089417
P0087 0.012824 925.0 925.0 1141.479584 1217.081665
P0087 0.009414 929.934559 801.9198 1027.165695 1024.0
P0087 0.005089 656.623474 818.101074 1024.0 1024.0
P0460 0.011197 14.355171 541.146606 144.665436 988.256348
P0083 0.01112 4356.483887 1849.0 4699.698486 2062.135956
P0083 0.008256 4729.351837 473.061523 4869.831848 599.573486
P0082 0.038154 4001.92157 3406.608459 4063.329163 3460.062927
P0082 0.019444 4872.970886 645.846619 5027.959717 735.94635
P0082 0.012423 4690.932053 4360.78949 4988.475403 4750.618958
P0082 0.009978 4376.529297 4575.771851 4703.979248 5013.501343
P0082 0.0068 5019.473206 717.711975 5143.442566 820.775208
P0082 0.006704 3848.498962 2853.637573 3912.182617 2870.432739
P0049 0.36096 1162.029358 1259.507629 1343.316956 1423.446411
P0049 0.256539 764.091858 655.018921 943.297913 818.103271
P0049 0.219753 726.86145 1329.401855 952.021851 1638.124634
P0049 0.209686 679.992981 375.13504 840.658508 559.669678
P0049 0.191295 814.288208 1105.077789 987.339661 1270.207642
P0049 0.181111 724.051941 965.386534 841.688171 1006.856895
P0049 0.179292 438.613586 658.562378 707.333191 869.989136
P0049 0.162922 494.257263 1078.785812 725.338806 1359.706055
P0049 0.141662 283.076324 925.0 525.467896 1124.890015
P0049 0.031872 1013.035553 925.0 1257.964233 1036.202873
P0049 0.011686 620.155113 991.947266 869.935425 1306.302582
P0049 0.00875 1064.875397 831.802124 1201.273499 965.627563
P0049 0.005449 701.914246 1069.068054 828.66803 1221.634918
P0052 0.375989 1333.682587 1032.586914 1625.183716 1273.062805
P0052 0.363963 764.241089 925.0 1010.926025 1117.832214
P0052 0.357039 512.988159 1089.416168 643.831909 1214.312134
P0052 0.033748 538.724121 1113.307175 608.20874 1182.320709
P0052 0.021716 216.960602 925.0 370.19754 1075.539749
P0052 0.021466 109.530357 1515.608215 189.496521 1587.992493
P0052 0.014275 447.315735 794.139832 593.24823 929.047791
P0052 0.007665 248.503967 2001.513977 356.387207 2120.974304
P0052 0.006284 156.323975 500.823456 279.542114 647.719849
P0052 0.005511 1212.434021 925.0 1445.167786 1377.266785
P0052 0.005441 838.0 905.413269 985.195633 1024.0
P0021 0.960928 410.980347 1096.584244 726.265015 1440.508301
P0021 0.107081 1637.873901 2283.161728 1948.0 2566.789917
P0021 0.035893 941.58551 2549.966644 1254.326263 2942.988647
P0021 0.018645 501.202362 1290.606842 551.707275 1327.577301
P0021 0.014433 2316.742523 2807.136719 2465.521362 2872.0
P0021 0.014211 2076.128235 1474.576477 2523.227234 1682.676575
P0021 0.013154 2310.845306 2755.874451 2465.381165 3030.897644
P0021 0.009853 452.248688 1211.839966 635.962341 1376.553589
P0021 0.00631 1015.055252 1850.583855 1438.519836 2059.871796
P0021 0.00553 584.847412 1147.718674 689.187134 1369.977356
P0109 0.045074 458.331696 632.735352 768.349609 858.121338
P0109 0.022167 605.755615 714.067322 630.190063 736.246643
P0109 0.006925 629.848633 717.357056 657.718384 740.515259
P0025 0.019441 2676.725403 3745.583557 2740.089172 3794.326477
P0041 0.007443 2865.470764 1908.136353 2940.888855 2069.46521
P0220 0.016505 857.0 1.928354 1259.559509 54.030647
P0029 0.892253 2132.569092 660.69812 2403.793579 947.887085
P0029 0.063174 1794.403015 1623.461029 1840.421814 1684.061493
P0029 0.057891 1755.593277 1458.196457 2076.024536 1967.029541
P0029 0.040794 1840.72699 1727.169617 1943.427429 1835.539978
P0029 0.030271 1776.252319 1525.755615 1911.355957 1771.040771
P0029 0.016014 2201.120544 811.67572 2249.920776 851.474548
P0029 0.010953 2310.985291 743.145813 2358.440979 794.798279
P0029 0.008486 1784.555359 933.162531 1858.458435 980.339386
P0029 0.007026 1923.601807 1636.736572 2054.20401 1805.881836
P0029 0.005492 2205.526093 687.383789 2350.128296 838.477417
P0482 0.012123 865.658325 560.921082 907.0 630.333069
P0050 0.599528 1336.765076 2711.331543 1503.729797 2872.717041
P0050 0.529821 1163.347885 2401.983215 1285.857269 2533.701233
P0050 0.405009 1342.941803 2270.841614 1478.857483 2408.018738
P0050 0.164436 1373.73233 2316.756241 1438.164551 2377.823303
P0050 0.089896 1232.700073 1643.245972 1508.143311 1899.538086
P0050 0.065652 1248.279816 2598.702057 1585.610718 2910.529663
P0050 0.042863 990.70726 2118.023109 1227.088806 2346.859161
P0050 0.036296 1286.973145 1965.062256 1402.929626 2090.106323
P0050 0.021555 1838.599487 925.0 1948.0 1049.646957
P0050 0.015443 801.100342 1249.99649 1024.0 1581.934448
P0050 0.011226 1284.070801 1483.279419 1632.890747 1837.376831
P0050 0.010521 1330.227417 1999.538193 1366.575867 2041.929276
P0050 0.00824 1092.389023 2285.782471 1351.473816 2646.033325
P0050 0.007644 1361.716553 2748.593689 1464.086182 2809.51947
P0050 0.006688 1925.26532 927.256363 1947.265686 1037.753387
P0050 0.006532 1803.630493 2132.879311 2103.897766 2348.815796
P0050 0.006474 414.137115 411.201019 660.062927 671.554321
P0050 0.006339 1184.011353 2440.587036 1254.195923 2505.351318
P0160 0.011785 1285.970795 2480.727478 1367.752472 2528.480652
P0160 0.005111 1644.010193 1278.537689 1706.548645 1337.125092
P0226 0.045263 800.179199 775.649109 876.0 865.0
P0042 0.006037 1807.241211 1203.003994 1890.384399 1255.664948
P0236 0.470712 1003.639404 211.320007 1023.057861 320.003601
P0236 0.017231 977.776794 145.177032 1024.0 368.874725
P0236 0.009624 995.906616 161.092102 1134.525757 290.48407
P0236 0.005574 897.358765 127.649231 1222.796021 322.839752
P0867 0.009141 1661.463745 410.093262 1801.803955 571.394653
P0867 0.006738 1932.712616 1997.527893 1997.858643 2041.691467
P0867 0.00606 1146.0802 1765.471069 1171.192749 1801.428833
P0030 0.02122 275.664886 1121.901703 636.849487 1544.335938
P0044 0.01047 297.633667 1098.540314 673.480957 1295.607788
P0044 0.007596 661.340515 720.918389 721.411194 738.989059
P0044 0.005944 657.839668 950.918488 794.630127 1238.319702
P0688 0.011037 692.087463 83.127428 765.228455 127.177673
P0139 0.011445 298.894989 224.085373 971.686157 581.363953
P0494 0.017723 757.590271 73.675903 997.217712 367.946777
P0494 0.011228 1930.47522 490.325287 1948.0 641.609497
P0494 0.007902 2206.420227 1988.392151 2307.052307 2031.032166
P0494 0.006103 1947.686752 482.233124 2131.804565 675.383179
P0063 0.018286 1673.582275 1133.876099 1719.755005 1175.642456
P0461 0.44352 247.838989 62.208717 483.703796 298.044525
P0461 0.340641 498.629211 351.307556 658.679016 500.174438
P0461 0.140469 866.406128 73.221146 1127.751953 279.581177
P0461 0.069373 125.094475 379.342773 281.217529 526.334473
P0461 0.018486 38.966675 234.773407 323.129822 618.476929
P0461 0.010325 390.580719 667.879639 670.736938 860.87146
P0510 0.572261 402.778076 720.750732 598.823181 895.316895
P0510 0.425771 844.015259 478.850281 1003.412476 647.031677
P0510 0.10981 211.634796 514.897583 395.845795 700.599609
P0070 0.033905 391.621155 328.921753 755.225281 755.779175
P0070 0.007899 473.968597 468.244476 593.129303 618.610138
P0071 0.062592 315.186951 444.501984 604.558716 683.700684
P0071 0.008101 471.888428 593.03833 504.130859 622.013916
P0881 0.010773 826.582764 5.112417 888.090088 45.05954
P0098 0.015652 418.364319 544.750671 708.424988 841.351013
P0099 0.010045 472.412964 483.546738 771.990723 801.790161
P0219 0.005558 38.277016 26.763306 171.75293 237.824219
P0094 0.630975 371.989471 351.467163 768.605347 728.125122
P0095 0.005599 535.425537 592.295227 574.514893 627.871521
P0664 0.822326 382.618164 1.0 667.723267 203.515167
P0158 0.022761 2163.654587 449.335876 2427.905273 729.165833
P0158 0.008487 500.225922 435.179474 747.233154 682.398438
P0158 0.006754 2127.325596 1634.965042 2192.193542 1896.122559
P0158 0.006032 2510.349792 1840.38739 2872.0 2396.097839
P0113 0.076272 203.600006 2777.175289 388.627472 2839.714447
P0113 0.071122 3632.545898 1849.0 3769.585083 1980.63205
P0113 0.066646 3734.270691 1849.0 3788.146667 1979.016602
P0113 0.007813 160.727264 2313.749084 270.972168 2464.329529
P0113 0.007811 137.324158 2588.869507 246.946503 2736.516602
P0113 0.007677 3651.851807 1067.393707 3675.095703 1129.488647
P0113 0.007632 3617.993958 1079.627151 3643.061462 1127.092056
P0113 0.007114 3666.653809 1873.150253 3741.959717 1943.195007
P0113 0.0056 59.726418 2779.661419 227.085175 2898.146179
P0111 0.821159 1232.236084 913.120514 1392.141846 1050.635284
P0111 0.805892 1505.768555 243.56308 1743.380737 481.658234
P0111 0.682602 1520.611267 846.352905 1764.921082 1024.0
P0111 0.521953 1188.948944 243.757416 1313.409637 367.653046
P0111 0.039759 1181.843475 840.717163 1486.385132 1024.0
P0111 0.025928 1678.069275 1238.747437 1774.689026 1433.85437
P0111 0.022447 1238.635712 918.040039 1370.714447 957.278564
P0111 0.020766 1684.116028 979.141357 1725.079041 1018.935364
P0111 0.016287 1308.573608 937.363266 1374.484436 1015.644073
P0111 0.011076 1610.490051 922.570251 1689.087463 968.913513
P0111 0.007356 1109.915588 215.234314 1412.059753 392.573364
P0111 0.006846 1517.108276 890.677856 1555.938599 971.872192
P0111 0.005519 1675.521545 1299.744629 1716.093811 1378.160522
P0136 0.006622 2049.929504 1555.662354 2455.954895 1834.331024
P0232 0.702463 1346.285278 22.70105 1523.160767 288.959717
P0232 0.531308 1209.161255 1294.677246 1526.0 1727.203491
P0232 0.302853 1433.82959 365.098816 1503.038086 677.757996
P0232 0.092265 1348.773071 315.051086 1523.379028 763.615295
P0119 0.008616 1584.296299 2028.693604 1665.445404 2241.63739
P0091 0.029619 182.556213 675.520874 400.053589 1022.557495
P0091 0.012267 250.485153 732.156128 404.342529 883.858765
P0091 0.00507 845.361267 838.887695 930.755188 1021.356445
P0250 0.013824 65.483215 544.30835 364.744934 998.18457
P0250 0.008946 136.429817 121.504471 269.80896 318.830811
P0250 0.007248 111.0 1.0 315.134415 450.392334
P0018 0.038451 1467.309143 895.517548 1741.381165 1348.214966
P0235 0.522881 73.518402 894.234741 172.845291 931.0
P0235 0.058489 2118.588135 619.902954 2447.520142 894.234741
P0697 0.038939 928.316162 109.369919 1318.732544 477.374023
P0871 0.101879 1700.921509 462.945648 1928.894287 843.498901
P0241 0.05232 73.358521 984.814331 151.82666 1166.0
P0241 0.024971 77.956072 1002.753357 106.293701 1131.338196
P0327 0.012041 212.394562 19.16267 313.425262 70.706009
P0346 0.010058 3063.854218 2126.950043 3314.826721 2337.255859
P0093 0.823007 465.092041 150.140884 739.09668 449.07019
P0093 0.00737 570.974915 275.667816 624.093811 317.012604
P0124 0.015886 569.200684 1139.088013 716.743408 1389.168762
P0349 0.006391 1469.59845 2395.776001 1588.603699 2514.281128
P0504 0.969873 1372.933411 502.547554 1771.565125 697.811493
P0504 0.009907 1297.174469 353.825989 1581.729492 713.079529
P0504 0.008406 1495.506165 249.472 1841.941223 732.398254
P0505 0.006394 249.724518 1607.156067 371.712372 1782.287292
