P0896 0.006104 9.517251 1845.979095 25.843708 2049.653198
P0085 0.01386 1867.555542 629.315613 2140.048706 1024.0
P0085 0.006602 557.606445 1483.0 886.947388 1842.657532
P0087 0.087329 3418.193054 4114.0 3744.079285 4399.121613
P0087 0.036983 900.065002 2053.233826 1016.031189 2229.660828
P0087 0.026127 950.428665 1939.936058 1078.840378 2191.636047
P0087 0.012274 2249.923096 3232.501892 2503.324829 3459.531799
P0087 0.010792 448.174408 1672.983765 592.521423 1776.770142
P0087 0.010396 3367.439697 2071.485016 3626.109009 2311.165985
P0087 0.008263 3708.534546 989.39502 3770.675781 1021.72876
P0087 0.006482 2158.573822 963.414062 2234.706024 1024.0
P0087 0.005529 3542.94043 4846.113159 3765.634277 5060.546875
P0087 0.005455 2570.171997 1481.063477 2872.0 1726.059692
P0083 0.012571 1703.601501 1084.936081 1810.509583 1195.157898
P0083 0.007038 4356.483887 1849.0 4699.698486 2062.135956
P0083 0.006523 4294.877686 2162.411316 4478.015137 2343.486389
P0083 0.005349 658.835144 676.682739 779.552185 796.616943
P0082 0.24012 3366.109497 3842.52771 3702.544189 4050.315857
P0082 0.028371 2683.18103 1423.444397 2864.96167 1948.0
P0082 0.019343 1440.357788 956.441406 1576.821899 1021.884521
P0082 0.018357 3848.498962 2853.637573 3912.182617 2870.432739
P0082 0.016672 4673.267761 4413.940125 4715.511414 4666.747253
P0082 0.015081 1257.19754 941.003479 1338.637054 1013.015564
P0082 0.013685 984.970184 938.255539 1163.206543 1288.962219
P0082 0.011704 4423.94574 4139.978836 4605.610779 4276.229507
P0082 0.010278 4954.329773 2579.992065 5138.907654 2863.718384
P0082 0.008848 4799.265839 2531.678833 4972.484467 2834.609985
P0082 0.008735 2259.219727 3915.889801 2359.130859 4006.692291
P0082 0.007699 2813.156708 1422.497009 3017.83316 1795.455872
P0082 0.006982 3044.451721 4153.651428 3328.528503 4534.872009
P0000 0.031664 2528.206665 3696.562988 2706.868774 3789.221069
P0000 0.027078 930.831207 2795.024963 1059.526154 2872.0
P0000 0.019072 2910.057571 2521.467834 3215.595825 2872.0
P0000 0.01895 2885.220551 1870.350998 3091.250275 2102.989365
P0000 0.010521 1595.399109 3307.574707 1712.424011 3462.282959
P0000 0.009171 1850.299026 2773.0 2052.162994 3070.255859
P0000 0.009145 2415.756592 4972.206299 2718.180176 5204.103149
P0000 0.009057 1854.643585 4966.045349 2116.219574 5502.0
P0000 0.006983 1849.329407 3425.6297 1918.481873 3654.48468
P0000 0.006518 2855.164524 3759.725227 2948.014099 3993.570709
P0000 0.005872 1832.751892 2788.176666 1935.533752 2955.117935
P0000 0.005163 1852.183815 2491.11145 2049.989441 2872.0
P0002 0.025289 1913.55191 1934.048828 1970.3909 1948.0
P0002 0.015414 1886.466248 1935.9776 1936.191589 1948.0
P0002 0.011409 647.763367 1072.247925 721.341858 1093.950638
P0002 0.010074 1803.37561 1938.170654 1851.782166 1948.0
P0002 0.009165 1845.102936 1937.966309 1888.059723 1948.0
P0002 0.006384 1511.69165 1937.198059 1558.069824 1948.0
P0002 0.005843 1763.1539 1938.597595 1815.629852 1948.0
P0002 0.00572 1727.632614 1938.617676 1772.529709 1948.0
P0002 0.005266 1685.183701 1938.460327 1736.668076 1948.0
P0002 0.005263 1607.256836 1936.746338 1655.812958 1948.0
P0002 0.005001 1470.737244 1936.727173 1516.602234 1948.0
P0160 0.026359 1894.121384 1921.850281 1985.103012 1938.846497
P0160 0.017138 1281.00351 2471.40332 1387.590668 2540.092529
P0160 0.00943 1881.338707 1930.642273 1940.038544 1948.0
P0160 0.009275 1849.0 2154.031036 2013.828445 2726.162964
P0160 0.006243 1546.27002 979.121002 1827.745605 1632.313354
P0160 0.005757 199.90097 94.335327 861.157837 740.704834
P0160 0.005292 1480.253174 2178.652252 1948.0 2701.893921
P0160 0.00521 1519.154358 1227.893646 1853.854187 1392.098175
P0482 0.084578 446.208008 277.290771 690.178711 601.401001
P0482 0.014427 785.808228 320.4375 907.0 852.0
P0482 0.010598 226.341019 185.59404 355.951904 365.06134
P0482 0.005358 754.651489 508.634216 907.0 673.143982
P0487 0.008631 980.747925 1.0 1122.0 308.156891
P0030 0.031948 1352.211639 975.174438 1405.389557 1018.767822
P0030 0.025665 275.664886 1121.901703 636.849487 1544.335938
P0030 0.015219 637.840454 1756.030853 910.5177 2216.145386
P0030 0.01127 1199.126587 990.278809 1328.661255 1023.404907
P0030 0.0089 1303.927368 1940.046936 1447.931274 2116.948547
P0030 0.007418 1743.670628 2021.355469 1852.142395 2123.818115
P0030 0.005404 1760.308977 2006.35321 1805.270294 2052.868225
P0030 0.005273 1267.038208 1836.647736 1572.671753 2209.369385
P0471 0.973954 624.488403 423.326447 810.911133 676.25824
P0471 0.955596 339.242798 287.48822 515.663391 536.478821
P0471 0.892518 190.629852 217.148804 389.809723 469.64502
P0471 0.867696 494.983948 355.624268 645.117859 599.836853
P0152 0.010202 394.77533 375.898682 448.961304 433.796448
P0152 0.009274 359.892578 373.10849 473.328003 488.550079
P0152 0.006176 364.179321 410.305511 419.696228 467.779572
P0151 0.005007 456.139954 486.023987 537.747986 533.914856
P0158 0.039437 2126.579498 1613.967224 2172.531837 1847.556702
P0158 0.018206 2547.09552 925.0 2898.431091 1083.06926
P0158 0.011527 1906.38303 1040.392776 1996.016403 1152.530411
P0158 0.007905 1873.301575 925.0 1907.907654 1084.354782
P0158 0.005256 1918.424377 1164.281006 1948.0 1213.322754
P0258 0.058072 498.253967 869.362366 816.514465 1075.0
P0258 0.006589 419.204803 977.194946 528.733398 1075.0
P0898 0.057933 1726.0 18.7481 1824.338036 169.97406
P0898 0.006992 2050.57193 3067.777161 2101.357025 3079.089905
P0256 0.0182 1267.825867 370.959656 1280.0 476.112366
P0494 0.108876 1.0 1014.0 239.514618 1350.799133
P0494 0.098574 756.163635 1681.844482 1014.498474 2037.0
P0495 0.878294 378.006805 1.0 518.23877 225.512573
P0495 0.450382 235.016174 1.0 378.016357 156.898376
P0495 0.025986 298.346771 58.0 411.531891 187.21048
P0495 0.005832 177.528931 58.0 219.598663 132.999939
P0126 0.005202 253.320267 43.745766 395.227234 250.2901
P0141 0.035772 3844.082336 730.910103 3978.808777 794.357903
P0141 0.021938 3877.749817 747.746201 3952.836609 771.711639
P0141 0.019174 616.658081 933.350037 693.815186 1019.776794
P0141 0.0092 697.504578 927.624954 744.895569 966.271378
P0141 0.007271 3974.360657 750.050293 4010.488342 784.092529
P0141 0.006597 649.568848 953.469177 722.22168 997.572784
P0141 0.00644 3951.827393 701.276184 4041.913696 822.39386
P0142 0.006237 199.258469 359.461487 256.909485 468.974976
P0147 0.042456 1071.330963 414.56517 1129.494537 482.207916
P0147 0.032735 1032.904541 410.375214 1080.95813 468.340942
P0147 0.013405 981.139587 376.268372 1035.015015 423.722656
P0147 0.012796 891.341064 326.260681 1018.982422 438.154419
P0147 0.006885 763.773132 494.21582 1017.236023 1023.331787
P0147 0.006222 1096.746887 412.876953 1188.827698 522.54425
P0229 0.006924 888.763733 904.047791 1024.0 1020.42157
P0021 0.061887 2296.840546 2731.511963 2618.341919 3063.831665
P0021 0.029104 1651.895874 2227.363144 1874.765381 2248.272114
P0021 0.021665 2479.882385 2000.580399 2649.892761 2201.244324
P0021 0.021515 1878.505447 2225.789372 2014.13472 2247.729027
P0021 0.006195 1970.695129 2223.493348 2056.363403 2248.195408
P0021 0.005573 791.726685 2214.049362 1024.0 2629.741943
P0021 0.005024 925.0 2659.724548 1146.13855 3069.934875
P0020 0.005203 2776.730542 1271.225281 2783.329339 1327.049561
P0025 0.027075 243.75386 931.082235 279.786926 979.246521
P0025 0.008078 265.456757 927.360865 306.556976 976.526062
P0025 0.007366 196.853775 933.85107 239.811813 958.268738
P0025 0.005146 2286.267487 124.2248 2316.985382 156.223267
P0221 0.035478 1170.340149 1069.76532 1404.0 1613.814148
P0029 0.165294 1765.004333 925.451416 1873.572937 1010.660896
P0029 0.15267 1870.476227 933.162666 2013.269806 1009.184181
P0029 0.099015 1752.102417 1385.177399 1944.140503 1938.679932
P0029 0.035871 1829.288193 1742.508911 1945.109634 1831.34375
P0029 0.032529 1811.934265 1775.054382 1942.430847 1927.863831
P0029 0.032057 1813.453613 935.494255 1887.442749 977.931099
P0029 0.030017 1909.749756 931.552063 1942.697632 946.015001
P0029 0.021986 1778.209717 911.981873 2112.49176 1024.0
P0029 0.019629 1902.578735 936.930511 1947.680908 1005.974586
P0029 0.010527 1328.856842 139.071045 1653.07959 531.966064
P0029 0.005836 1748.005065 926.433811 1764.238461 978.99358
P0029 0.005811 1862.776917 937.370077 1928.098938 957.930611
P0222 0.415195 1129.685364 358.053497 1268.132507 463.402008
P0222 0.140453 1133.912292 516.183838 1265.225647 616.00293
P0222 0.133914 762.836243 625.13858 848.743347 738.924652
P0222 0.072985 576.680344 791.277649 645.222137 880.182434
P0222 0.070484 1088.449768 359.783936 1178.155823 459.724121
P0222 0.048435 1125.847534 204.912033 1269.006836 312.901001
P0222 0.0428 544.265568 799.507568 602.002045 874.782043
P0222 0.013533 664.775085 630.121582 779.356262 741.483582
P0222 0.010857 89.61145 1132.031921 343.352753 1317.929749
P0222 0.009376 180.495148 1079.671326 334.970428 1221.205139
P0222 0.008977 1130.154236 274.464752 1271.265198 406.079437
P0222 0.008381 1097.086182 490.33223 1175.726685 629.140244
P0222 0.008325 1084.726318 450.810913 1261.817871 548.137573
P0222 0.006479 363.211029 947.993774 523.038452 1088.122437
P0222 0.005338 1067.468323 423.741997 1278.170227 473.290977
P0222 0.005223 516.449438 789.302795 561.213997 884.63208
P0225 0.032697 521.78537 290.482727 619.75943 559.224243
P0225 0.014642 674.274841 310.856689 769.452698 528.931458
P0225 0.014378 598.792542 305.303986 686.618225 528.667358
P0225 0.005475 295.68631 211.478485 372.082123 305.703217
P0224 0.019585 913.729736 657.679779 1011.128296 821.726044
P0227 0.006437 1369.997253 328.427124 1518.004272 434.709229
P0226 0.0052 812.64624 785.266113 876.0 865.0
P0330 0.00894 144.0 854.512695 398.901611 972.0
P0337 0.016815 2124.0 31.269875 2414.152802 248.404724
P0136 0.005207 1901.476395 1427.314026 2133.892929 1890.287781
P0038 0.025093 1541.614822 172.336777 1872.376282 648.68689
P0038 0.014795 1532.0 925.0 1599.830307 1008.836479
P0038 0.014089 1463.493774 3295.249254 1505.922241 3333.474854
P0038 0.007603 1451.974915 3309.970837 1483.51532 3366.243988
P0133 0.146906 1060.313904 862.436829 1160.964661 964.633362
P0133 0.007094 1006.638977 773.592163 1014.915833 865.254395
P0133 0.006786 999.659424 831.561523 1076.58667 946.416138
P0232 0.056882 726.756958 921.540466 866.447021 1024.0
P0232 0.010222 1142.187622 1270.851868 1526.0 1730.0
P0232 0.008026 267.356293 1.979761 309.601349 40.19252
P0232 0.007012 920.343384 1397.388062 1066.375244 1548.944702
P0232 0.006694 1298.879272 921.285461 1467.540405 1011.667786
P0036 0.024102 1867.203075 5477.731689 1930.762756 5500.990723
P0036 0.005175 3033.437683 5486.005432 3096.404358 5500.534363
P0236 0.418878 942.519287 442.939644 995.391357 492.269165
P0236 0.071101 984.868164 434.074949 1038.566284 479.964661
P0236 0.068665 709.925415 440.186939 780.226807 511.879913
P0236 0.048934 660.005005 438.122665 701.795776 520.865982
P0236 0.048071 729.470612 431.943859 834.770874 539.089706
P0236 0.031295 903.720154 431.099699 945.640686 492.988525
P0236 0.030883 839.124695 430.609859 876.839417 516.658203
P0236 0.025432 543.333252 447.113514 631.593384 537.104782
P0236 0.022349 441.070801 648.402939 503.212555 769.342773
P0236 0.009663 878.762573 430.790468 917.916016 486.144783
P0236 0.008913 858.848633 649.672409 889.733887 729.043274
P0236 0.008701 748.657654 443.393087 820.962769 476.816254
P0236 0.007961 506.494354 429.934361 551.018921 457.031788
P0236 0.007759 507.253143 645.102951 601.628937 773.380005
P0236 0.007498 413.633453 1090.977112 515.020691 1161.248718
P0236 0.007457 789.983978 437.355362 845.809875 480.834068
P0032 0.017653 931.593948 1108.214722 1348.573547 1386.892944
P0032 0.011434 1.0 752.835266 120.885559 1023.414856
P0032 0.006584 1115.481094 1190.555786 1244.003113 1347.737671
P0235 0.007315 1327.520142 381.133636 1450.273071 484.954559
P0235 0.006887 1252.411865 393.649261 1336.997192 558.735535
P0049 0.06253 1099.231079 1210.074432 1404.900635 1391.135529
P0049 0.041517 438.613586 658.562378 707.333191 869.989136
P0049 0.008037 683.047394 494.862061 978.080811 879.020996
P0124 0.163715 569.200684 1139.088013 716.743408 1389.168762
P0124 0.005308 728.828125 1223.979828 890.75061 1443.971252
P0122 0.014548 566.355057 832.170349 849.044189 1246.63092
P0122 0.00642 243.033081 467.0 589.170654 762.481384
P0042 0.01439 1265.814331 827.047668 1626.77478 1024.0
P0042 0.005286 711.574219 1996.705322 1024.0 2225.0
P0044 0.098124 553.467163 638.063049 589.650513 679.595154
P0044 0.052471 522.124939 629.503967 619.693665 745.723694
P0044 0.027209 591.745117 639.410583 634.786865 677.636536
P0044 0.024238 333.95697 920.195557 649.827942 1252.570068
P0044 0.022854 553.162842 658.228394 593.755249 719.049072
P0044 0.022502 456.027924 633.318054 542.501709 749.680603
P0044 0.017151 470.893616 637.364502 525.612671 682.530884
P0044 0.009308 368.768311 619.330139 770.401367 751.780701
P0044 0.007748 502.287872 654.28717 549.635132 719.693909
P0044 0.005762 622.871277 640.364136 662.56842 683.243164
P0139 0.022559 544.501099 314.534668 640.666138 400.098694
P0139 0.016149 319.939545 318.586517 412.650726 402.445221
P0139 0.007558 221.348831 131.98967 508.495422 579.42572
P0689 0.923059 998.363586 484.787384 1126.445862 725.08252
P0689 0.795153 1125.507263 486.543945 1250.291565 718.174438
P0689 0.025458 1223.445312 394.000244 1407.747437 789.99292
P0689 0.00757 482.173096 728.481628 713.041748 828.0
P0689 0.005682 376.890015 719.889465 438.809753 796.956482
P0688 0.016913 82.014542 303.295929 331.919373 541.550659
P0687 0.813226 391.378723 57.429741 508.924011 215.157715
P0687 0.749153 268.848724 60.214699 397.793854 247.681366
P0687 0.016668 589.809143 608.917646 644.682556 651.997452
P0687 0.016495 365.218079 605.0 453.80011 687.189377
P0687 0.013374 370.745331 1336.593384 544.043823 1621.640259
P0687 0.005408 522.253113 611.857 595.973938 645.511513
P0210 0.010587 2265.400269 640.516602 2474.0 1024.0
P0668 0.006128 1.0 1.0 127.878082 87.749588
P0218 0.009342 860.763977 1821.305847 996.418274 1945.651306
P0455 0.711748 380.656158 378.387177 607.63208 620.333923
P0455 0.499391 485.112366 273.773407 727.737732 551.276611
P0455 0.477988 649.72937 130.704376 873.409912 386.593292
P0455 0.127536 774.830322 17.583344 973.676636 336.040924
P0455 0.005757 506.5466 499.046204 620.091095 630.763611
P0664 0.970318 359.564941 285.64093 485.508423 500.736542
P0664 0.963562 481.007492 262.863091 610.023438 476.148254
P0664 0.959583 222.95871 320.329407 361.100494 528.352966
P0664 0.930153 616.895233 251.737694 726.476532 433.043488
P0664 0.868247 103.448303 347.433441 238.567749 559.897217
P0664 0.007661 650.745667 303.924072 708.15332 362.966125
P0664 0.005615 565.661819 262.828308 649.831909 429.925842
P0113 0.033202 3290.074585 1257.411957 3377.035645 1390.03183
P0113 0.016893 1969.791733 925.0 2096.816605 1033.394028
P0113 0.015786 937.090942 1002.513977 1107.047302 1016.179871
P0113 0.011438 2441.92749 795.125916 2796.605713 978.952454
P0113 0.010599 3064.430328 779.099243 3434.236328 1003.414429
P0113 0.0103 2947.935593 2773.0 3219.762634 3058.628662
P0113 0.009461 620.502502 1300.549927 854.354797 1931.651123
P0113 0.009432 2487.444702 924.744568 2660.08606 996.752014
P0113 0.006937 628.426208 3120.607107 675.033997 3144.47826
P0113 0.006898 3059.177704 3020.673111 3157.553802 3120.187378
P0113 0.006685 788.01886 986.991089 825.890564 1020.983398
P0113 0.005361 3019.243027 2988.189377 3123.237 3082.934906
P0113 0.005347 2806.717117 1982.009888 3123.779541 2533.30127
P0111 0.025084 998.002747 1312.386597 1024.0 1378.271362
P0111 0.011276 1314.357483 1333.444702 1348.621338 1393.677612
P0111 0.006544 1075.293579 1467.231995 1099.619293 1518.348206
P0052 0.071166 307.094788 1324.489166 369.58844 1378.927094
P0052 0.059191 389.133698 1319.930237 438.715546 1390.003784
P0052 0.040844 460.552826 1316.129242 525.980469 1394.564117
P0052 0.037754 426.967438 1319.639496 481.175751 1391.480682
P0052 0.024597 499.521118 1322.060211 569.858276 1388.380646
P0052 0.01828 635.132019 1325.637909 683.39032 1381.446198
P0052 0.015641 571.184204 1324.989502 633.686646 1382.834473
P0052 0.013378 755.507202 857.616211 1011.848511 1019.281128
P0052 0.01199 275.638306 2023.531982 385.306396 2149.584106
P0052 0.008167 781.941589 1248.788788 1004.899109 1443.128479
P0052 0.007671 105.127106 412.376465 405.266876 808.423096
P0052 0.005661 1.0 1263.800598 293.554688 1823.436462
P0050 0.05373 1241.479614 2625.315552 1592.016418 2850.686523
P0050 0.017691 985.178291 2101.0 1235.912018 2322.402863
P0252 0.02759 937.093994 379.30481 1023.547119 514.38562
P0252 0.011138 862.658676 1105.765076 953.565063 1258.785583
P0066 0.085844 1886.210159 2262.716412 1988.285507 2318.13567
P0066 0.043018 1947.804672 2264.776887 2024.14183 2289.037327
P0066 0.009917 1447.431885 1908.862122 1564.549805 1944.023987
P0066 0.00985 2135.285168 2654.458069 2214.119568 2868.340271
P0066 0.006511 687.207336 2856.869934 764.177551 2872.0
P0066 0.006411 925.0 984.741516 954.534985 1018.196228
P0065 0.018618 1293.792358 2451.720825 1385.934509 2549.791992
P0065 0.005938 1934.77948 1849.0 2148.987 2259.025879
P0065 0.005414 1711.108551 199.524796 1737.508881 226.590958
P0065 0.005054 2004.570068 2007.151352 2034.091797 2033.429153
P0064 0.015713 1382.515503 1178.452485 1439.099976 1194.381226
P0063 0.036396 1185.262878 934.729728 1235.285339 945.434948
P0063 0.036342 1971.500938 2386.097382 2005.558403 2442.31955
P0063 0.00869 2612.61145 1405.558502 2696.994629 1503.709656
P0063 0.006832 2342.465088 194.023285 2486.358032 318.427399
P0063 0.006564 1950.708706 2363.518127 2022.75502 2477.803894
P0063 0.005462 2646.955322 522.484863 2726.895752 636.524048
P0063 0.005146 1048.978714 931.085361 1073.922714 948.009521
P0061 0.151615 1857.584778 281.75531 1931.206238 405.892517
P0061 0.063407 1781.924622 316.810272 1869.830505 417.355133
P0061 0.040677 1924.14502 306.930603 1943.897827 384.804016
P0061 0.033932 1757.034851 344.638123 1787.413147 391.984619
P0061 0.007296 1172.646378 813.040176 1223.659393 840.123642
P0061 0.005443 1794.65271 325.17749 1836.573608 375.80481
P0461 0.005866 440.112976 353.149323 709.189514 628.201294
P0677 0.66191 420.805389 408.355652 505.622772 538.095581
P0677 0.431366 497.542755 412.688568 577.99646 535.18335
P0677 0.406534 346.430237 411.217163 432.497375 534.494324
P0677 0.028724 521.608032 443.013489 566.093994 501.425903
P0677 0.013836 326.81897 378.46347 598.625854 550.658813
P0677 0.013753 366.621307 437.973328 406.963654 489.670776
P0465 0.019888 155.256897 531.690887 283.63385 639.209076
P0260 0.005531 1829.34314 5.135796 1862.0 47.527832
P0260 0.005054 1742.240723 4.903181 1781.284058 39.593079
P0223 0.010755 449.720276 1025.604248 764.867126 1387.961426
P0868 0.014258 947.223145 2068.605103 1323.933899 2279.127197
P0867 0.008214 1169.849609 1389.421234 1902.834839 1948.0
P0867 0.006938 1932.712616 1997.527893 1997.858643 2041.691467
P0867 0.005927 1915.273354 2010.24646 1967.327103 2048.463623
P0861 0.014557 1456.515137 636.948669 1769.919067 1024.0
P0861 0.005109 1852.237793 631.237427 2146.713989 1024.0
P0350 0.013393 422.840637 121.79243 472.59967 151.013187
P0517 0.013354 387.358063 269.286316 500.326202 372.047943
P0517 0.005308 486.296661 30.637909 593.566528 146.244095
P0884 0.006995 97.745476 118.062881 270.373047 327.193787
P0884 0.006292 536.801208 644.192993 776.07843 964.353149
P0883 0.018458 396.193817 190.42485 650.951965 423.034485
P0453 0.007125 733.838745 382.021576 887.560425 485.894623
P0453 0.005933 758.388245 405.09613 818.483582 452.848938
P0870 0.006109 322.330994 66.574478 358.440674 116.072754
P0874 0.011057 725.663208 454.189453 830.871948 545.256531
P0340 0.006826 2089.983673 166.191208 2119.445892 205.054123
P0340 0.005337 2127.438232 157.290375 2156.963745 201.222534
P0503 0.065666 469.586212 403.393372 628.022705 585.818298
P0503 0.021943 34.0 1067.392029 228.397949 1210.0
P0503 0.01858 539.459656 755.132385 687.432434 933.849548
P0503 0.012305 340.515503 374.304199 474.503967 521.167603
P0503 0.010334 214.340851 606.303101 384.471588 796.455322
P0503 0.00675 824.490356 231.227936 980.794189 427.207062
P0503 0.005867 659.013611 488.448792 820.759094 676.49176
P0503 0.005463 457.17569 190.247519 500.196259 241.526451
P0505 0.011859 505.038971 941.301552 612.119507 1118.156891
P0505 0.011078 664.943604 399.49649 766.602295 571.842346
P0505 0.00569 511.618713 941.636902 587.818542 1012.33783
