P0894 0.011346 372.96701 1056.580032 850.11853 1312.826538
P0894 0.010109 1237.784454 827.854187 1278.511688 857.600647
P0894 0.0053 938.902466 1237.064758 1425.587891 1528.112305
P0894 0.005128 1280.600708 828.291626 1319.972168 853.062012
P0895 0.017662 762.197601 368.68396 822.641144 475.369324
P0895 0.005899 721.969849 253.180634 1024.0 490.211273
P0892 0.040115 581.680298 1084.801147 623.883301 1136.882233
P0892 0.011064 1528.792175 354.035492 1686.297485 468.270905
P0893 0.203715 1.0 3381.755981 187.786346 3474.423096
P0893 0.07011 197.554474 3366.599854 389.93924 3465.161621
P0893 0.036886 545.666504 3290.543091 1024.0 3398.451538
P0893 0.018812 232.475586 1130.40094 351.579163 1314.157288
P0893 0.011562 308.879578 3333.188721 507.829773 3430.893433
P0893 0.008505 671.756409 3340.678284 862.240906 3420.698792
P0890 0.094322 961.826813 658.750488 992.582916 706.957031
P0890 0.044475 974.448029 356.514679 1004.552032 409.339203
P0890 0.036396 1.0 1332.654968 103.172768 1573.952087
P0890 0.021208 1009.653259 929.685431 1049.054016 953.543442
P0890 0.018071 936.137695 705.125061 969.122192 742.984924
P0890 0.014827 1478.245972 2160.42923 1512.127563 2211.177094
P0890 0.012804 987.534607 617.398621 1020.778748 699.529602
P0890 0.012778 1029.710266 929.912838 1091.075134 960.789837
P0890 0.011267 970.499725 701.512756 1002.199799 753.167786
P0890 0.010925 651.0 2586.344437 683.259747 2651.34584
P0890 0.010451 937.244385 671.245483 974.661255 711.419067
P0890 0.009786 941.960327 750.610901 970.521729 776.997864
P0890 0.008444 1175.087585 2463.023865 1222.984436 2519.257263
P0890 0.006225 953.525574 640.671204 996.177551 678.698181
P0890 0.005647 287.625793 2392.034607 313.840454 2433.751038
P0890 0.005132 1470.729065 1912.420593 1519.019104 1946.009949
P0085 0.014638 1328.53421 1156.233002 1497.923828 1287.997467
P0085 0.007451 505.512573 1314.168945 571.704346 1595.091675
P0085 0.0051 1193.718567 1149.799881 1635.51593 1353.353516
P0087 0.076465 2780.624939 2281.371277 2847.67804 2342.112732
P0087 0.036863 1588.25293 467.723083 1719.559326 601.18634
P0087 0.029959 2757.930786 2289.94809 2803.485229 2339.698517
P0087 0.025313 2775.977478 2166.285461 2865.120178 2351.919922
P0087 0.01295 1667.371399 512.818115 1708.408508 562.062988
P0087 0.006174 3827.916138 4122.626427 3991.572205 4286.800812
P0087 0.006034 1504.691284 400.667542 1801.411621 667.722351
P0087 0.005566 981.341553 4940.231995 1021.296631 4986.930359
P0087 0.005066 2752.444641 2673.223572 2798.923401 2721.953308
P0087 0.005007 2782.483242 3703.887882 2874.003235 3798.262848
P0898 0.030803 1389.535614 287.396637 1429.149323 317.391693
P0898 0.014421 1329.292969 1584.999634 1358.141357 1626.67334
P0898 0.011225 1387.889343 245.889755 1421.865845 264.948059
P0898 0.010201 1320.510559 1347.070892 1353.074341 1408.629608
P0898 0.007716 1768.52478 2172.389771 1845.337769 2185.303467
P0898 0.00723 1865.372787 3839.737915 1889.218735 3866.495605
P0898 0.006335 1844.794197 1372.673584 1949.305634 1470.145142
P0898 0.00574 1149.650116 1040.577301 1287.626373 1070.107574
P0082 0.040503 4953.779083 4218.723511 4985.091858 4304.172729
P0082 0.017964 3617.713623 4132.967468 3781.118286 4252.465759
P0082 0.013013 5056.998291 3336.730591 5164.496094 3513.075195
P0082 0.005789 895.859619 1936.472359 968.417236 1979.191772
P0082 0.005031 3697.331608 4103.680176 3824.854324 4199.715576
P0241 0.015042 540.237518 607.385254 640.241028 752.444336
P0241 0.006177 603.528015 719.421814 699.342224 867.970032
P0000 0.238939 1550.071167 4504.655361 1656.01416 4597.416168
P0000 0.165036 2818.87085 1483.038086 2859.443604 1530.994629
P0000 0.140457 356.774017 570.896057 392.423981 633.537903
P0000 0.095918 1710.712891 4876.119904 1758.453369 4924.604584
P0000 0.060389 2250.765228 1828.887451 2285.134491 1866.469727
P0000 0.050217 702.088501 4007.170929 763.355713 4054.716156
P0000 0.048572 584.760498 4280.891174 651.891724 4322.256165
P0000 0.041687 340.22113 4020.868713 465.304321 4126.886169
P0000 0.041136 1660.300415 4250.917542 1747.964355 4289.59967
P0000 0.039846 1853.46167 4638.941711 1927.084473 4681.708191
P0000 0.038631 2025.137634 3774.873627 2168.94989 3822.490707
P0000 0.032443 2014.299438 3999.338013 2132.863037 4035.754517
P0000 0.032339 1619.128235 3281.800781 1764.046082 3413.819458
P0000 0.031769 204.139679 454.770691 301.124756 617.537781
P0000 0.03046 813.758484 1156.129379 881.743347 1193.23941
P0000 0.02989 1628.855591 4407.256592 1688.766357 4443.03418
P0000 0.028441 1455.471252 4614.299927 1623.747375 4762.022308
P0000 0.027903 1908.575256 4485.535217 1937.528259 4513.557068
P0000 0.027258 2799.714478 1427.690125 2872.0 1576.968567
P0000 0.025528 3005.833969 1062.324905 3068.70816 1135.350082
P0000 0.024225 370.173676 4056.729156 443.644806 4106.210724
P0000 0.022753 3037.377319 1719.880066 3078.323486 1741.581482
P0000 0.020636 2852.0 1729.507202 2982.727051 1893.668335
P0000 0.018435 3402.2453 1231.218536 3433.41925 1266.845978
P0000 0.015851 1631.270081 4913.395813 1914.888977 5108.709778
P0000 0.015217 226.524857 540.675232 277.034576 599.191101
P0000 0.014897 3373.639099 1248.492096 3406.747498 1270.283417
P0000 0.011699 2083.010818 3346.601257 2188.912994 3436.825623
P0000 0.011359 2882.038712 1094.83725 3170.084961 1662.921143
P0000 0.011139 1583.263916 4358.158325 1721.618652 4484.197021
P0000 0.011049 1698.846863 827.349121 1768.928406 877.176758
P0000 0.010926 2161.745636 3117.559479 2285.639801 3188.950226
P0000 0.010745 2852.0 1828.369812 2978.384033 1948.0
P0000 0.010661 1627.385681 4213.746521 1775.170105 4320.963806
P0000 0.010521 2976.981384 1853.319788 3008.73114 1888.115242
P0000 0.010395 2773.0 2198.401093 2823.211945 2263.055634
P0000 0.010368 2246.82254 1794.522278 2291.386871 1854.298035
P0000 0.010162 1854.578918 4615.49707 1890.526588 4647.047974
P0000 0.009965 2716.988831 2157.032623 2769.585876 2193.980377
P0000 0.009749 2674.363953 1725.112183 2727.197815 1792.279297
P0000 0.009648 1914.4552 4444.998901 1941.978516 4495.292603
P0000 0.009592 1229.624084 2563.262573 1369.159058 2752.206299
P0000 0.009209 3002.854614 953.557749 3034.774323 1004.25106
P0000 0.008513 2875.301292 1161.500122 3050.79422 1298.171448
P0000 0.00821 906.086304 2801.56427 1020.03894 2872.0
P0000 0.00812 232.528564 506.447266 272.099579 567.729736
P0000 0.008023 2480.694214 1851.487122 2501.454102 1926.252014
P0000 0.007719 2751.524719 1488.993286 2869.419739 1660.5802
P0000 0.007402 1168.201477 2426.437317 1424.032471 2872.0
P0000 0.007244 692.872803 3969.98526 783.015381 4090.447418
P0000 0.006898 330.721069 4205.743652 399.638977 4246.978882
P0000 0.006863 1437.511108 4493.477692 1692.439453 4831.489075
P0000 0.006784 1645.538391 3876.56459 1742.623474 4179.801392
P0000 0.006755 3410.901184 1211.394226 3449.367493 1252.154419
P0000 0.006714 1548.432312 3296.439514 1673.028381 3405.899597
P0000 0.006684 1467.845581 3245.615662 1596.036377 3365.910461
P0000 0.006543 629.312256 3708.47759 667.442993 3737.902309
P0000 0.006493 3144.399292 1023.722466 3176.02478 1097.095917
P0000 0.006396 1696.451172 698.740112 1918.977783 1024.0
P0000 0.006355 1849.0 4892.919861 1912.571297 4974.076782
P0000 0.006251 2069.473129 667.810669 2125.64212 718.849976
P0000 0.006157 1694.871521 4843.503235 1783.861633 4955.309631
P0000 0.006121 392.906281 3879.758347 506.661957 3962.184052
P0000 0.006045 1797.910828 2199.579102 1831.486145 2250.437256
P0000 0.005524 1074.694061 3223.502075 1210.650818 3384.948242
P0000 0.00548 1495.159729 4673.193939 1589.684143 4715.71637
P0000 0.005477 2939.80809 1202.408783 3014.223984 1259.19931
P0000 0.005233 1866.540283 4779.606903 1946.374107 4829.82486
P0000 0.005174 208.379105 3005.649094 544.471924 3195.367737
P0000 0.005158 329.197174 541.553833 418.850067 672.575562
P0000 0.005135 1565.12738 4387.707397 1825.20282 4720.0
P0000 0.005131 2847.993835 1988.418152 2866.503601 2041.308716
P0000 0.005113 3000.867371 1020.543472 3050.015472 1107.541672
P0000 0.005007 3097.949799 1914.743919 3261.196808 2070.386963
P0493 0.01402 218.342911 4.607056 316.398499 146.496964
P0160 0.105257 912.461731 1573.586731 1015.443787 1740.679382
P0160 0.086446 1957.114128 935.516275 2011.588699 964.165359
P0160 0.037791 656.843323 2217.715271 701.747375 2273.72522
P0160 0.009375 1959.584457 953.852303 2015.887039 996.371017
P0160 0.009243 2784.050598 2153.756104 2820.122009 2178.920349
P0160 0.008698 2112.238098 1647.063232 2264.896973 1734.192871
P0160 0.007725 632.275085 2210.335388 697.748108 2354.130005
P0160 0.007122 2364.089947 2179.462799 2407.612766 2224.315216
P0160 0.006686 266.262604 1974.266876 646.420776 2196.43808
P0160 0.006671 3251.125 1162.290833 3321.713013 1192.28244
P0160 0.005046 1199.45343 2343.532837 1249.503235 2371.71106
P0160 0.005007 2219.764648 427.438019 2245.467529 478.752655
P0482 0.006925 277.140198 710.241028 390.023132 805.853699
P0119 0.234496 779.612366 669.89209 1004.703796 729.293579
P0119 0.174304 1103.091614 605.216614 1325.058228 686.531433
P0119 0.077981 993.727936 655.323425 1357.108124 722.223694
P0119 0.074761 809.942749 584.386108 1024.0 639.923584
P0119 0.063996 762.289185 616.636902 1018.750488 688.571838
P0119 0.029109 1148.826477 595.099304 1289.689392 623.621155
P0119 0.027885 980.355682 576.458313 1389.262482 657.860901
P0119 0.023526 992.706299 691.303772 1020.628296 710.855896
P0119 0.011556 1180.254425 573.182068 1255.412567 602.15387
P0119 0.010805 1161.768738 684.155273 1272.597595 706.862793
P0119 0.009915 927.096308 675.686279 980.31955 703.484497
P0119 0.008985 925.0 663.957581 1065.440735 727.301086
P0119 0.007132 2109.465515 928.958896 2180.06842 960.004501
P0119 0.007044 925.0 458.64621 1564.423584 764.467041
P0119 0.006802 1678.892792 961.027031 1730.307678 1001.964508
P0119 0.006623 927.593897 595.691956 952.179836 624.477112
P0119 0.006227 926.415243 633.614746 964.166389 661.701538
P0119 0.005666 1661.91571 1852.10075 1796.627258 1965.594696
P0119 0.005463 1583.933418 1868.636246 1749.875092 2009.805801
P0119 0.005254 826.09613 709.060974 952.795593 730.19342
P0487 0.011412 35.871399 422.551422 74.895119 487.458954
P0487 0.007121 308.855591 103.446854 342.312317 179.846878
P0487 0.005442 75.260201 493.76709 103.473915 531.231567
P0350 0.011993 422.840637 121.79243 472.59967 151.013187
P0477 0.006747 4.420258 12.528008 547.902466 192.756592
P0310 0.158488 503.779114 916.208496 537.163269 959.023071
P0310 0.048774 823.8125 937.573969 881.490723 997.773056
P0310 0.041936 1864.252056 1387.928558 1901.226315 1453.915161
P0310 0.020527 789.77356 937.397652 852.444336 984.687363
P0310 0.01763 497.961121 944.599129 547.391663 990.719894
P0310 0.013817 1063.493042 942.460638 1158.129669 978.725151
P0310 0.012352 1479.663818 1246.382874 1518.251831 1293.296814
P0310 0.009271 520.919189 934.503379 607.364014 959.93298
P0159 0.014313 592.090698 9.575152 624.770874 28.549858
P0159 0.010476 5.779819 780.059021 72.309662 808.820984
P0159 0.005483 1.0 698.602295 16.852295 752.142212
P0158 0.01503 929.977434 2119.447083 966.500008 2207.6828
P0158 0.011943 2777.387207 1377.880035 2852.809814 1532.604431
P0158 0.011656 1963.434334 2270.598083 2019.898727 2309.073547
P0158 0.007685 2792.413635 1426.554321 2836.873962 1492.226074
P0158 0.006429 1121.221954 1556.557312 1172.674103 1592.981873
P0158 0.006075 1994.893372 2267.161072 2045.424011 2306.436829
P0158 0.005986 1466.904724 2084.654175 1503.600403 2160.578979
P0158 0.005313 750.834045 477.085968 790.240906 504.699493
P0012 0.005939 1406.976685 942.999359 1528.099243 1109.482895
P0083 0.007266 2098.116013 3636.778564 2274.095947 3763.195923
P0083 0.006563 1111.250641 157.203659 1249.756744 296.260864
P0254 0.012655 1295.0 1442.180237 1334.680008 1492.385071
P0254 0.010424 1951.90625 1088.79863 2075.00769 1200.094421
P0254 0.008376 1886.506714 629.980164 1928.513428 674.12616
P0254 0.005988 1318.742739 1470.198364 1376.921234 1519.012695
P0255 0.005191 93.987198 507.543213 120.508682 541.77771
P0899 0.007738 800.262634 1098.04454 875.193054 1181.544647
P0899 0.006933 2022.827393 1223.301666 2066.714844 1260.967316
P0251 0.006626 262.757019 982.02002 322.474365 1022.427979
P0147 0.021385 911.744751 281.708496 947.25 329.71936
P0147 0.009168 757.602127 993.631287 819.069397 1024.0
P0147 0.006659 726.325439 500.928436 777.350723 544.776276
P0147 0.005058 981.055481 983.124573 1045.531555 1019.183899
P0303 0.006034 101.132332 444.506561 146.046082 484.966095
P0301 0.011688 868.891174 541.734802 894.0 594.68573
P0301 0.009857 815.832947 516.704346 873.570984 556.592896
P0023 0.013964 24.299593 3940.944717 83.615646 4276.463501
P0023 0.007358 907.755249 431.250854 1023.785034 563.68988
P0023 0.007011 703.739197 2403.037964 755.819885 2436.28186
P0023 0.005818 25.198811 3697.0 95.007294 3914.920441
P0022 0.072738 3621.441528 1886.224312 3781.024658 2012.389954
P0022 0.02223 2939.185028 1537.27002 3263.110657 1769.673584
P0022 0.012426 2923.0 310.451324 3046.272476 436.738495
P0022 0.00892 1274.665039 2158.810791 1328.463135 2194.011475
P0022 0.005528 88.658905 3547.552307 198.274139 3700.945129
P0022 0.005099 1185.388947 2166.856903 1255.971039 2210.250946
P0021 0.009992 2115.093689 2332.292656 2479.577515 2518.066498
P0021 0.009524 642.188477 1428.379913 810.26355 1461.935059
P0021 0.00638 1922.031555 1699.198792 1937.611267 1773.068054
P0020 0.013197 646.601013 345.486511 676.535461 409.111389
P0020 0.008433 2794.179958 3656.232483 2848.968674 3724.52948
P0020 0.007138 2498.485352 1009.715271 2516.462036 1047.839996
P0020 0.005696 598.890381 1010.799133 622.751831 1022.176331
P0020 0.005138 533.379822 2838.302612 605.145935 2872.0
P0025 0.035836 427.929749 3240.055847 485.105957 3298.258728
P0025 0.026543 369.537628 3227.186111 451.585358 3300.295334
P0025 0.016217 3390.227417 354.924011 3423.570557 369.134521
P0025 0.0136 431.03894 471.594269 478.259155 514.91217
P0025 0.008178 4292.717285 938.351013 4312.644653 997.424133
P0025 0.006918 3254.191803 2312.830231 3295.40802 2357.575043
P0025 0.006358 2515.559631 3604.966125 2559.843811 3686.538269
P0221 0.022247 51.795372 28.275124 234.128265 156.393555
P0221 0.012176 641.354553 588.917297 696.328308 641.651184
P0221 0.006217 870.542664 1995.555054 905.292664 2039.052124
P0223 0.041595 1.918049 419.973358 27.129593 481.145538
P0223 0.019721 1.569188 394.226624 33.46991 443.986816
P0223 0.005875 27.801079 389.096741 77.522057 443.186157
P0222 0.096526 521.809484 655.227051 558.532936 716.844727
P0222 0.026571 987.705566 217.992554 1024.0 289.351532
P0222 0.019287 946.166504 226.128693 1004.455322 296.966949
P0222 0.014985 909.014709 260.059937 958.206604 326.545105
P0222 0.012456 998.274292 257.237061 1021.012573 333.263977
P0222 0.006553 516.0 679.337769 542.671535 735.479248
P0222 0.006287 869.595764 196.077789 989.834412 320.885529
P0224 0.006118 905.883553 625.638855 943.695343 669.350159
P0224 0.005328 927.03511 627.194824 966.130569 679.425934
P0521 0.099603 1147.778748 1113.161255 1214.477356 1173.548828
P0521 0.035176 1093.995117 1061.345428 1207.786987 1182.543793
P0229 0.047631 513.547943 491.563141 573.189911 564.823486
P0229 0.01362 599.656433 491.740578 636.151733 556.773621
P0229 0.010167 453.554321 864.713562 604.894165 981.977112
P0229 0.007601 555.879059 502.903076 611.884064 567.34375
P0229 0.007141 588.869995 837.188782 716.954285 941.584656
P0229 0.007078 566.636139 542.267883 655.100739 623.195129
P0229 0.005453 1215.94104 53.648315 1267.414551 144.525574
P0334 0.012667 2058.06665 715.837215 2110.952637 807.434998
P0136 0.007077 1473.807983 1895.777893 1518.291626 1947.982727
P0136 0.005788 2085.279251 1556.425824 2110.666382 1571.953197
P0038 0.022038 630.074036 3444.595001 674.874939 3499.997559
P0038 0.012929 244.703323 1307.562134 350.194397 1444.740295
P0038 0.008084 266.14743 1350.426422 321.226105 1399.421295
P0038 0.005664 2526.10376 1000.828247 2555.0 1016.44458
P0038 0.005644 660.903381 3447.207291 717.353088 3494.862198
P0039 0.019099 929.461857 2330.068451 1039.480331 2429.864502
P0039 0.007588 1886.095306 903.418701 2006.72142 1024.0
P0039 0.005583 2036.654755 785.838623 2085.85498 824.447266
P0232 0.160466 1406.132202 755.425659 1520.939941 861.954712
P0232 0.157912 1280.636475 1207.332947 1332.633179 1272.051331
P0232 0.101616 845.466858 918.605103 978.65033 1014.5979
P0232 0.069861 267.356293 1.979761 309.601349 40.19252
P0232 0.057518 234.093674 2.463867 276.976898 37.957088
P0232 0.052326 301.33139 3.90765 438.418488 116.880814
P0232 0.039744 1408.864807 823.544312 1520.492737 938.171997
P0232 0.037331 870.670227 940.73822 917.508118 988.767151
P0232 0.035511 823.416016 5.691048 884.347656 42.451874
P0232 0.030977 976.117065 981.625671 1025.940674 1030.027649
P0232 0.022267 820.138519 8.834019 922.574982 99.592209
P0232 0.018919 524.436922 78.90255 580.300056 139.2323
P0232 0.017716 593.758667 942.97345 890.591553 1159.337646
P0232 0.017276 505.464634 76.430893 546.57542 129.25383
P0232 0.01524 508.551796 16.366447 608.691139 108.373802
P0232 0.01178 887.336243 1327.820251 943.634155 1381.381653
P0232 0.011176 512.501446 208.169891 539.789352 297.356018
P0232 0.010809 977.719086 1009.204163 1010.426788 1058.979675
P0232 0.010276 925.397491 1331.577881 975.654633 1373.716431
P0232 0.009895 503.654633 78.90744 615.177605 203.705994
P0232 0.009794 890.510864 905.215149 942.899902 958.622986
P0232 0.009172 504.168406 34.834888 541.502563 102.778702
P0232 0.008162 903.812073 950.595795 1010.832764 1053.009918
P0232 0.008126 207.004196 11.153993 236.415878 32.737392
P0232 0.007913 928.388519 1294.471924 978.008514 1341.90918
P0232 0.007317 941.485596 969.550232 1053.167114 1108.929504
P0232 0.007068 1055.252319 1056.885773 1105.140137 1103.900116
P0232 0.007031 885.875488 982.113037 959.839844 1017.300415
P0232 0.006949 193.20166 1.0 319.286743 58.506355
P0232 0.006521 857.857666 1308.121887 962.614746 1408.367249
P0232 0.005959 1476.340698 821.005127 1524.944214 881.155518
P0232 0.005815 1291.985229 707.0 1526.0 912.442657
P0232 0.005433 822.743042 1304.660156 858.097046 1351.588013
P0232 0.005415 822.416687 1257.154968 853.843506 1288.173889
P0232 0.005413 1400.338928 783.313843 1469.851624 839.081177
P0232 0.005179 1179.487427 1067.530273 1281.460693 1178.451782
P0036 0.016867 1474.795776 4807.808014 1594.380127 4965.223846
P0036 0.012186 7.612095 2834.129211 40.384739 2872.0
P0036 0.005776 859.778992 5384.766357 899.487488 5404.810547
P0030 0.013416 2517.244385 959.756554 2550.20105 1009.877815
P0030 0.009079 908.972717 2329.589417 1008.715637 2359.633484
P0030 0.007981 995.245483 2289.980957 1024.0 2329.970337
P0030 0.006751 788.523254 2329.798523 842.776306 2356.34552
P0030 0.005927 924.62915 2307.803162 1003.523438 2333.362732
P0030 0.005517 1156.41507 2349.145508 1279.63797 2369.897217
P0030 0.005414 1746.099796 1228.208649 1849.185318 1921.568848
P0030 0.00538 979.37439 2327.817871 1024.0 2362.805054
P0030 0.005174 1022.486351 875.1698 1179.223267 893.544312
P0032 0.062313 617.453125 989.395508 667.919189 1024.0
P0032 0.053762 2292.466553 1321.284729 2425.0 1464.116882
P0032 0.015685 525.004028 1003.879272 695.621826 1153.473938
P0032 0.01181 1235.478821 1470.373291 1369.818726 1647.651855
P0032 0.009758 396.591461 867.181519 435.442657 908.190796
P0032 0.008981 1402.0 1285.325256 1533.679047 1416.940369
P0032 0.008452 1921.233337 1251.125916 1948.0 1298.683533
P0032 0.007428 425.667908 894.80838 460.81073 940.984955
P0032 0.006725 1963.513184 36.747574 2294.944336 317.991821
P0032 0.006291 1951.061523 1288.658936 1986.813354 1321.063843
P0032 0.005964 976.632538 688.91156 1309.070282 927.526184
P0032 0.005403 2334.18927 1360.265015 2399.48053 1419.042725
P0032 0.005063 362.954254 1027.714264 780.055908 1283.796265
P0049 0.018728 866.525726 976.925232 922.036469 1019.688293
P0049 0.013813 1444.050293 641.18927 1609.096802 744.93512
P0049 0.012776 1121.539612 1385.654266 1216.022766 1530.155396
P0049 0.01231 1152.117432 1456.218872 1195.523804 1530.675781
P0049 0.009664 1150.540955 1425.149109 1189.395447 1487.093689
P0049 0.005969 283.076324 925.0 525.467896 1124.890015
P0049 0.005781 449.168945 665.201965 705.471558 920.421692
P0124 0.017567 1698.182739 925.0 1739.972778 939.816051
P0124 0.013152 848.6355 1782.464417 882.889198 1832.750549
P0124 0.011354 849.5659 1818.121216 880.643353 1875.80896
P0124 0.009057 870.274252 1781.88147 914.613045 1831.717529
P0124 0.007578 880.825211 1814.084961 927.379852 1882.455933
P0124 0.00737 878.765415 1861.611572 925.962799 1915.234375
P0124 0.00626 921.760864 1504.175522 1021.314575 1640.998108
P0124 0.005547 1822.726868 1922.658813 1863.0 1941.877197
P0124 0.005169 1823.62915 2313.472534 1859.78186 2337.529175
P0468 0.00671 639.521362 280.957153 789.173218 388.819153
P0122 0.007708 963.285522 1001.211853 1007.642761 1022.30426
P0122 0.006213 985.922729 925.415009 1024.0 985.994751
P0041 0.021205 1969.54541 1447.721802 2226.121552 1848.421875
P0041 0.010608 2177.655071 1910.388733 2250.570511 1972.198425
P0041 0.009426 982.247528 315.63028 1054.552826 364.011322
P0041 0.005734 2168.0 1959.705566 2219.76384 2025.055054
P0041 0.005157 1924.225601 1813.064453 2286.161682 1948.0
P0139 0.010873 477.903412 664.468262 571.609436 696.383423
P0689 0.005205 31.54542 165.049957 86.000397 239.601776
P0688 0.005311 1.608231 440.640686 275.080566 687.410339
P0687 0.009578 1096.451233 1149.673706 1117.275818 1191.299683
P0687 0.005262 1178.019836 1554.828674 1206.21759 1589.145691
P0685 0.021219 430.468475 1652.326477 547.2323 1777.865417
P0685 0.009557 1395.453186 859.756165 1436.307312 907.172424
P0458 0.00681 325.982427 1110.942139 351.257198 1145.846069
P0218 0.016705 154.55603 2417.763306 360.925171 2545.838379
P0218 0.012952 135.432556 1182.298218 286.211334 1339.61499
P0218 0.012648 2001.060165 2262.578003 2125.959198 2392.82019
P0218 0.009903 996.996338 1685.39257 1020.675659 1727.592239
P0218 0.006566 1357.1315 1514.473938 1482.342041 1627.332947
P0218 0.005158 620.000671 1383.927063 680.686829 1434.176758
P0218 0.005153 1392.685852 1786.953033 1435.579773 1846.820526
P0219 0.007419 1176.737946 907.84082 1266.284821 1016.765991
P0664 0.017189 12.558775 341.213928 47.011047 383.698181
P0664 0.011409 619.171753 651.263519 664.905334 696.430542
P0664 0.009309 616.775146 675.082458 678.385498 719.734436
P0664 0.009231 594.733719 659.499634 641.50177 703.923462
P0664 0.007404 34.422958 330.678436 67.081192 383.705017
P0664 0.007024 1000.183411 875.351807 1158.32782 986.373901
P0664 0.005383 356.487354 280.036041 388.576283 300.861053
P0666 0.065978 448.745148 184.993896 491.838654 233.398987
P0666 0.010816 1.0 117.331696 121.640869 569.732422
P0666 0.009007 324.889038 7.349304 351.344482 40.662964
P0113 0.555193 623.520691 3564.742004 674.624695 3603.759094
P0113 0.172662 1958.37439 223.942886 2015.405273 283.909851
P0113 0.133151 1432.273956 2391.613708 1511.641235 2441.920349
P0113 0.064821 1923.672226 201.037186 2050.87999 311.187134
P0113 0.05858 373.818268 2545.914246 436.824371 2606.949158
P0113 0.036912 928.551285 2375.065979 959.672783 2467.065002
P0113 0.03682 996.271057 507.16217 1055.378387 566.744324
P0113 0.024649 637.037109 3582.757324 670.514893 3627.957031
P0113 0.023869 602.662231 3531.125122 701.179077 3630.703735
P0113 0.02191 3178.120911 2224.99176 3477.330017 2471.010925
P0113 0.019572 44.605724 630.889282 139.450409 908.572144
P0113 0.018406 1013.080994 2639.383972 1024.0 2683.118225
P0113 0.018342 648.583252 3559.868896 701.809448 3610.385254
P0113 0.017834 938.176102 2065.322906 1192.950867 2314.148468
P0113 0.017438 1450.760742 1046.169952 1536.946533 1067.68457
P0113 0.016905 539.809509 3422.56488 601.858459 3479.131714
P0113 0.016716 953.448303 468.452637 1008.701385 543.715027
P0113 0.0153 1961.034012 256.935791 2018.489792 314.831116
P0113 0.01417 2974.120773 3757.927856 3029.956039 3791.863037
P0113 0.012459 934.602064 438.643341 966.90416 559.711487
P0113 0.011368 662.800659 3519.401794 700.905151 3564.695251
P0113 0.011153 1435.575043 2369.895813 1479.719727 2408.88739
P0113 0.011015 385.909363 2180.449707 455.781494 2333.163574
P0113 0.009799 1167.607269 2773.0 1509.632446 2980.101501
P0113 0.009572 1820.078735 311.341431 1948.0 525.48877
P0113 0.009427 307.104218 2231.166901 339.840424 2289.768097
P0113 0.0094 625.111511 3516.306763 682.77301 3580.648071
P0113 0.009227 2796.329468 3426.739563 2830.435913 3464.701416
P0113 0.008714 1252.005371 2370.168091 1580.749268 2551.069946
P0113 0.008701 2794.621765 3393.719482 2828.773621 3435.769409
P0113 0.008147 512.826233 3438.264648 548.329163 3474.339294
P0113 0.007898 253.518127 189.959244 329.795105 242.134048
P0113 0.007882 565.731628 3556.541504 596.898499 3601.81311
P0113 0.007715 1858.394096 3576.650116 1957.890778 3720.069763
P0113 0.007578 956.044388 1667.242554 1008.837967 1722.168213
P0113 0.007521 566.32019 228.102188 590.348022 287.854004
P0113 0.007001 952.603424 2401.658264 990.148773 2449.034729
P0113 0.006934 628.426208 3120.607107 675.033997 3144.47826
P0113 0.006726 599.918518 3561.072083 644.162048 3606.982361
P0113 0.006626 1993.086639 260.112793 2057.446106 314.230103
P0113 0.006613 1474.098328 2435.823792 1516.913269 2467.017883
P0113 0.006053 1.0 925.0 134.324188 1544.362061
P0113 0.005855 3417.127991 3129.29834 3507.02948 3329.8526
P0113 0.005228 1440.628479 2457.830566 1792.7005 2715.165527
P0052 0.026794 781.941589 1248.788788 1004.899109 1443.128479
P0052 0.014112 1660.118408 1254.853642 1710.875244 1297.357872
P0052 0.009285 996.582764 656.168701 1024.0 713.547241
P0052 0.0069 1228.737915 925.0 1592.101562 1122.029861
P0052 0.006063 905.173462 1819.279358 1017.364746 1969.033386
P0050 0.151481 2140.200623 2498.48468 2305.179504 2648.302185
P0050 0.031711 1444.674316 2205.441162 1469.348022 2233.33429
P0050 0.02867 2386.246643 2312.610382 2528.469299 2470.360077
P0050 0.024703 925.0 1581.544739 979.20134 1630.995178
P0050 0.013377 925.587507 1562.935303 964.574524 1603.914917
P0050 0.009114 1408.010498 2210.181732 1444.556458 2245.68808
P0050 0.007118 1823.03064 1866.146782 1948.0 2022.060455
P0050 0.00636 2242.532959 2833.060974 2291.840698 2871.97406
P0054 0.033313 1363.904144 1074.25177 1428.817535 1139.780487
P0054 0.00592 1317.845398 1058.701675 1435.835693 1225.667419
P0695 0.007 931.655945 854.006165 981.208435 902.744934
P0693 0.007447 1.0 334.09256 109.91848 576.68042
P0327 0.192874 906.846191 553.497009 1017.389404 589.789856
P0327 0.089782 882.908203 868.470154 996.36438 903.291809
P0327 0.055234 937.863831 231.731827 1020.457092 265.789978
P0327 0.0298 939.068512 228.934631 1177.112274 282.27417
P0327 0.011539 921.169067 526.144409 1001.162231 566.051025
P0327 0.010773 888.565857 839.944214 984.69281 883.122925
P0327 0.007336 934.662979 192.15332 1106.387695 256.411774
P0327 0.006976 799.284515 845.833923 1400.484375 944.412048
P0327 0.005064 813.759445 863.098999 919.33107 1003.829834
P0327 0.005054 962.79187 120.046509 1079.828735 240.581726
P0321 0.006183 1107.075745 998.54834 1242.25238 1024.0
P0286 0.007551 831.821228 356.275085 926.961853 438.339844
P0067 0.017474 711.593384 508.324707 758.8302 550.373657
P0066 0.009257 2131.072447 158.243408 2166.627686 199.070404
P0066 0.005707 453.770355 2236.214905 1024.0 2296.779358
P0064 0.006815 1216.298553 1616.29538 1240.491364 1647.332672
P0063 0.006698 2884.428894 999.179016 2911.0 1012.082947
P0063 0.006442 598.777161 284.091583 628.095032 317.136566
P0461 0.011178 587.625366 227.46228 631.230103 304.743774
P0461 0.009941 561.399536 189.181213 657.540771 335.240845
P0461 0.008455 545.565002 602.991943 590.275391 628.981812
P0460 0.008364 137.44606 856.078247 274.07782 975.051758
P0465 0.06419 412.062866 56.624786 498.991577 225.093353
P0465 0.00589 349.499302 387.57196 400.240555 444.62793
P0068 0.0111 99.702118 671.651123 215.014893 793.462891
P0264 0.016572 590.420471 199.043915 727.614685 320.304169
P0264 0.016273 321.00235 51.897419 468.566986 169.35704
P0264 0.012125 196.714493 1.0 591.576172 221.625839
P0264 0.009492 438.09314 149.362854 801.422485 370.661011
P0264 0.005599 517.354309 156.114197 648.921936 295.916016
P0260 0.073068 524.414429 309.996582 557.667114 348.803955
P0260 0.022543 1514.798523 1368.981445 1598.875183 1428.303589
P0260 0.012069 540.960754 320.550629 573.922913 348.605743
P0260 0.010396 1.556393 728.243622 15.152611 770.395294
P0260 0.008605 1.0 698.522644 13.690379 750.319031
P0260 0.006118 467.952118 323.036591 518.653076 341.608917
P0260 0.005985 38.802864 700.866089 69.149582 738.354492
P0260 0.005902 666.674561 1223.644226 701.228638 1305.695007
P0263 0.012903 245.854767 308.560303 284.985016 347.629639
P0263 0.007542 1.0 1.0 321.364197 107.296196
P0029 0.220936 896.352295 423.252686 929.108032 472.900208
P0029 0.023234 733.473022 965.995178 788.165894 1024.0
P0029 0.013559 742.452454 2325.008179 1020.913635 2377.889404
P0029 0.011794 873.402405 412.066986 904.041687 439.226105
P0029 0.01125 637.989014 2270.707092 1024.0 2331.41217
P0029 0.008612 776.803772 974.43573 835.837097 1024.0
P0029 0.008381 902.495544 410.126923 944.360535 442.555389
P0900 0.012161 236.574615 1356.037231 270.142883 1393.930847
P0900 0.005867 272.19278 1361.731567 308.139496 1403.354126
P0868 0.126184 3175.394043 1521.30426 3281.737427 1697.949402
P0868 0.030983 3203.007141 1597.992126 3259.575623 1690.932922
P0868 0.027048 2516.410797 461.30423 2672.404083 590.925598
P0868 0.012655 3195.792969 1651.423737 3269.548584 1727.99649
P0868 0.010861 3233.215881 1569.19313 3280.267029 1653.927429
P0868 0.009904 2780.595337 1709.970825 3116.44397 1913.240723
P0868 0.00728 3244.98584 1544.531677 3285.829834 1601.63678
P0868 0.006945 2211.219269 2088.482422 2238.419403 2146.351562
P0868 0.006194 2400.099258 831.598206 2558.614319 932.550476
P0867 0.051376 459.447937 1439.241333 504.410217 1467.644287
P0867 0.025089 1983.758469 1123.438004 2039.908188 1163.321548
P0867 0.00996 1908.917297 471.304749 1945.263 522.799988
P0867 0.005425 678.998962 1339.277649 712.236755 1393.717224
P0861 0.005279 508.980927 1824.867432 574.067444 1901.535889
P0299 0.009211 1046.892273 76.662285 1144.342224 321.792938
P0355 0.005921 281.992981 389.671021 694.938477 524.692017
P0517 0.023625 230.184555 907.194336 266.378296 974.669067
P0517 0.021983 212.262421 881.704346 283.619568 1002.497925
P0517 0.017396 834.045471 1122.63269 867.546204 1165.255249
P0517 0.011088 256.553616 786.994263 341.037292 922.048828
P0517 0.008209 814.898926 1155.83429 861.473877 1186.307678
P0517 0.00692 191.798859 890.29126 224.603119 943.643555
P0517 0.005034 704.113617 15.792578 748.432648 38.229851
P0296 0.006279 422.90274 282.453644 1024.0 377.739166
P0070 0.00852 808.536377 880.639465 884.544434 906.821716
P0070 0.007134 818.262268 845.214844 877.174011 876.364136
P0883 0.006098 589.176666 874.929749 707.432465 964.251648
P0888 0.009719 5689.423248 4.460334 5759.55011 29.805168
P0888 0.007043 5670.270874 2.634288 5718.574219 21.775879
P0888 0.006064 3410.357117 162.241592 3434.869446 182.451004
P0888 0.005137 3491.488525 154.88475 3512.168579 183.377823
P0276 0.007983 588.741547 456.080154 729.887085 574.140854
P0276 0.007277 115.0 584.990356 230.841492 775.413605
P0276 0.005208 258.973389 508.457062 322.863647 566.02887
P0276 0.005093 94.248741 359.56134 198.161896 450.509888
P0878 0.008553 1770.906372 1877.195679 1934.825928 1964.515259
P0879 0.008804 2703.030579 546.028198 2784.279724 684.71875
P0879 0.005165 955.801361 192.730179 1411.831024 397.62915
P0349 0.019068 911.518311 934.615843 967.400391 969.891869
P0870 0.005399 850.039307 280.473328 867.651611 323.198425
P0871 0.053559 1886.068604 1088.460663 1925.203491 1133.456207
P0871 0.012615 1699.626343 1593.560608 1752.371582 1647.860168
P0871 0.012258 1895.693298 1116.136337 1924.516785 1153.076431
P0871 0.010472 1873.67514 1712.626282 1917.88324 1757.937927
P0871 0.009805 1381.56311 947.271166 1437.414429 999.23674
P0872 0.025231 1236.643402 905.454224 1345.380096 1022.851318
P0872 0.007235 991.94046 317.239838 1050.566788 342.08371
P0872 0.007038 385.880066 467.453003 441.373413 506.572327
P0872 0.006855 579.310547 366.34668 617.333374 404.827026
P0872 0.00558 1001.499161 285.855438 1045.211914 320.416351
P0873 0.006989 37.16954 2672.831665 325.958435 2872.0
P0874 0.006424 39.558929 638.637329 405.736908 828.28833
P0875 0.011477 1.0 1529.653809 230.421509 1747.0
P0875 0.007087 1.0 1553.205933 118.738785 1664.660522
P0346 0.152563 2773.0 1781.0 3155.893677 1944.73262
P0346 0.006686 791.180664 2600.007751 904.456055 2791.256409
P0344 0.023972 773.956383 5.399945 864.306091 24.958832
P0345 0.04405 270.181091 1902.252441 343.064453 1948.0
P0258 0.013712 884.540771 30.617432 886.0 88.50602
P0258 0.011146 839.821838 53.108192 886.0 160.152718
P0258 0.005031 876.677979 52.0 886.0 153.845535
P0503 0.151021 713.533447 789.942261 750.601807 848.130859
P0503 0.056217 728.354431 779.754822 775.287048 822.505676
P0503 0.014354 332.016327 852.318359 394.875885 896.188232
P0503 0.009469 685.669067 774.758606 762.559448 887.268005
P0503 0.006774 299.832825 826.934998 357.107666 862.169617
P0503 0.005271 407.824646 249.071472 733.998108 427.165527
P0504 0.01128 1358.429016 1401.923584 1472.384705 1518.0
P0505 0.007382 751.865112 1085.825836 781.525391 1107.023468
