P0890 0.013531 1008.596375 718.14978 1024.0 818.721313
P0085 0.136671 1852.933777 932.834854 2162.609314 1216.492004
P0085 0.055115 542.057983 1186.357178 907.11499 1597.273132
P0085 0.028862 1592.0 973.889542 1726.952423 1151.782516
P0085 0.022929 526.756958 1483.0 872.707397 1624.457306
P0085 0.014392 420.616821 925.0 722.769531 1221.292297
P0085 0.007948 1833.604736 1030.719269 1938.287354 1238.263519
P0085 0.007586 683.229858 1599.827026 1012.690674 2030.2276
P0085 0.00691 1547.76178 1141.198242 1824.85614 1613.740173
P0087 0.019403 3470.762794 1183.78418 3716.261993 1475.434265
P0087 0.014104 925.0 925.0 1141.479584 1217.081665
P0087 0.005869 2158.573822 963.414062 2234.706024 1024.0
P0087 0.005467 2325.805328 2031.152695 2367.988892 2046.801834
P0087 0.005395 2570.171997 1481.063477 2872.0 1726.059692
P0087 0.005325 656.623474 818.101074 1024.0 1024.0
P0087 0.005207 3463.796631 4114.0 3759.99353 4473.184692
P0898 0.011221 1726.0 1.0 1787.000385 126.576385
P0082 0.030283 3366.109497 3842.52771 3702.544189 4050.315857
P0082 0.023292 5097.918701 222.203979 5446.479858 455.126953
P0082 0.014367 2259.219727 3915.889801 2359.130859 4006.692291
P0082 0.012401 1396.655579 956.691452 1606.065369 1338.371826
P0082 0.011134 2673.773071 1420.840393 2863.740112 1882.45636
P0082 0.010933 4853.642731 775.656982 5305.930054 997.276123
P0082 0.007086 1257.19754 941.003479 1338.637054 1013.015564
P0082 0.00667 4292.92865 4495.548218 4555.554382 4939.859741
P0082 0.005578 3848.498962 2853.637573 3912.182617 2870.432739
P0005 0.009295 787.709167 14.745239 876.97406 765.495728
P0000 0.042781 2414.675537 4862.78363 2723.824707 5315.909119
P0000 0.012725 930.831207 2795.024963 1059.526154 2872.0
P0000 0.010785 1636.326965 4926.900848 1907.51593 5160.796021
P0000 0.008876 2528.206665 3696.562988 2706.868774 3789.221069
P0000 0.008189 1747.533813 4518.107773 1948.0 4961.790771
P0000 0.007776 2864.330101 1071.451324 3108.466583 1614.05481
P0000 0.007144 2782.424088 4603.957649 3044.843445 4788.35437
P0000 0.006406 1.311142 5172.864868 434.599121 5397.012939
P0000 0.006226 2863.44223 1849.037094 3111.243683 2129.476257
P0000 0.005694 1437.511108 4493.477692 1692.439453 4831.489075
P0000 0.005509 2946.892746 162.521545 3423.001648 349.089233
P0160 0.018047 1654.270386 235.69223 1835.225586 439.876434
P0160 0.007982 968.879059 165.164917 1235.644836 889.743042
P0160 0.007704 2387.465332 1079.548492 2603.5896 1600.344849
P0160 0.006752 925.0 1665.488953 969.194107 1883.505432
P0160 0.006505 745.527527 642.021484 1024.0 1024.0
P0160 0.006341 2095.370789 925.0 2344.847656 1403.670837
P0160 0.006152 865.043396 1970.879578 978.119934 2121.46582
P0160 0.005022 81.506546 1557.045776 357.140137 1948.0
P0050 0.067134 967.824844 2107.188911 1302.524109 2303.873413
P0050 0.028534 925.0 1849.0 1259.10376 2041.195435
P0050 0.023599 1803.630493 2132.879311 2103.897766 2348.815796
P0050 0.013204 1265.016968 925.0 1428.102234 1045.619942
P0050 0.00971 925.0 1202.907471 1136.404755 1554.426636
P0050 0.008692 1564.372559 1740.847473 1904.090454 1948.0
P0050 0.007961 768.276733 1129.49231 1011.481567 1552.772034
P0050 0.006275 421.985138 516.011108 715.417969 697.635498
P0050 0.006128 749.664673 2174.403351 952.388916 2860.501465
P0050 0.005596 1287.276337 2141.464066 1542.439453 2516.622559
P0050 0.005301 1241.479614 2625.315552 1592.016418 2850.686523
P0050 0.005132 1845.423035 2612.619385 2216.095093 2845.355225
P0050 0.005085 1263.458466 1501.657959 1650.980103 1879.651978
P0018 0.068216 1467.309143 895.517548 1741.381165 1348.214966
P0018 0.009127 801.0 682.869099 1289.463257 770.514175
P0478 0.007971 545.528625 91.0 829.125671 297.086731
P0152 0.033251 359.892578 373.10849 473.328003 488.550079
P0152 0.008738 364.179321 410.305511 419.696228 467.779572
P0152 0.008092 262.348999 342.986816 572.464111 518.269104
P0152 0.008039 394.77533 375.898682 448.961304 433.796448
P0152 0.007792 389.974762 477.168427 454.025726 529.453613
P0094 0.007615 265.866547 245.85318 479.969757 672.22168
P0094 0.005507 404.075439 310.80658 729.992188 702.379944
P0093 0.007652 467.598145 158.616806 733.096069 432.319214
P0159 0.380841 271.701965 408.305115 541.843811 762.053772
P0158 0.277468 500.225922 435.179474 747.233154 682.398438
P0158 0.066282 1157.662735 1614.703857 1348.753967 1937.721313
P0158 0.0272 2117.0 484.38147 2414.807526 801.748535
P0158 0.024296 1538.604004 792.040466 1690.109497 1001.955139
P0158 0.022442 1529.501038 1166.000778 1676.041077 1458.253174
P0158 0.011973 925.0 1020.471657 1224.602478 1232.130524
P0158 0.010909 1325.431366 925.0 1463.034851 1023.604507
P0158 0.010282 2969.860168 1191.187164 3113.967957 1579.424072
P0158 0.009636 962.388184 1327.643127 1018.165649 1579.381531
P0158 0.008995 961.511463 836.907776 1007.081436 927.697815
P0158 0.008363 1722.154907 1145.751251 1876.319214 1471.591431
P0158 0.007946 1873.301575 925.0 1907.907654 1084.354782
P0158 0.007747 1718.558655 764.464478 1897.675232 1024.0
P0158 0.007425 1315.626587 1133.994308 1518.937988 1484.380127
P0158 0.006716 1918.424377 1164.281006 1948.0 1213.322754
P0158 0.006251 932.869168 832.69281 955.610043 927.499207
P0258 0.006768 474.989868 924.062012 768.754272 1075.0
P0083 0.052954 4849.41217 421.337585 5231.121521 650.19281
P0083 0.007497 4378.927551 1849.0 4701.30426 2057.057907
P0083 0.006855 1703.601501 1084.936081 1810.509583 1195.157898
P0083 0.006052 930.50757 38.817245 966.512718 94.851791
P0083 0.006016 2840.001099 3117.725159 2868.740479 3165.056946
P0256 0.009415 1267.825867 370.959656 1280.0 476.112366
P0899 0.011286 1.195068 963.989441 351.916718 1114.354614
P0250 0.005432 65.483215 544.30835 364.744934 998.18457
P0252 0.066435 937.093994 379.30481 1023.547119 514.38562
P0489 0.019968 736.044861 536.203613 903.318054 821.300537
P0494 0.015757 1947.686752 482.233124 2131.804565 675.383179
P0494 0.009436 732.111511 74.658554 968.472961 361.323242
P0141 0.117913 2773.0 438.36322 3141.086792 703.302063
P0141 0.097463 2572.473999 429.197205 2872.0 782.086975
P0141 0.0458 3534.556763 1474.193542 3762.559082 1727.173401
P0141 0.010001 1963.613251 728.0 2489.80896 792.103951
P0141 0.009657 947.039978 739.388973 1484.141785 834.778397
P0142 0.009327 199.258469 359.461487 256.909485 468.974976
P0144 0.991365 332.623352 255.913773 519.688721 693.188843
P0144 0.005567 186.028534 393.43573 219.591888 441.964355
P0147 0.393957 791.773514 524.576599 1090.243225 1009.369934
P0147 0.072322 891.341064 326.260681 1018.982422 438.154419
P0147 0.030879 1047.225037 389.695572 1147.70166 507.781616
P0147 0.021325 454.416321 479.190216 749.154358 678.955566
P0147 0.016769 685.290221 563.252136 699.216221 639.704163
P0147 0.013498 929.975204 347.189873 1250.736755 533.856201
P0147 0.011148 1032.904541 410.375214 1080.95813 468.340942
P0147 0.007887 1096.746887 412.876953 1188.827698 522.54425
P0147 0.005492 981.139587 376.268372 1035.015015 423.722656
P0147 0.005231 865.018433 205.733368 1024.0 552.482788
P0149 0.055702 282.177612 296.059021 574.565125 495.257996
P0023 0.021738 1220.04657 2468.058289 1357.806396 2557.967957
P0022 0.008592 2425.97937 1142.582275 2733.568237 1682.026184
P0022 0.007081 1927.34671 1849.0 2199.720551 2157.20752
P0022 0.006707 2247.623413 1301.219971 2519.442261 1760.357788
P0021 0.1715 791.726685 2214.049362 1024.0 2629.741943
P0021 0.042224 1015.055252 1850.583855 1438.519836 2059.871796
P0021 0.019206 594.110962 1049.127335 952.08252 1459.841003
P0021 0.014941 404.871277 929.389893 666.372742 1023.913452
P0021 0.014349 952.018814 2585.287933 1247.327026 2964.217041
P0021 0.009015 1634.064087 2211.0 1911.165771 2409.466522
P0021 0.005653 1005.161377 2692.559937 1016.812622 2783.364746
P0021 0.005512 2069.225952 300.696533 2531.699829 701.66156
P0021 0.005477 1883.856979 2501.965393 2160.1297 3061.16571
P0021 0.005298 415.189331 1165.201569 667.038452 1420.492706
P0020 0.011908 2793.014465 1282.438568 2837.120911 1322.890533
P0020 0.008328 2776.730542 1271.225281 2783.329339 1327.049561
P0020 0.00507 2856.612976 1274.044647 2868.731995 1316.902985
P0025 0.010101 405.36673 3567.022217 482.219757 3680.464111
P0220 0.012276 857.0 1.928354 1259.559509 54.030647
P0029 0.171231 1767.926025 1427.452423 1934.137939 1935.838867
P0029 0.076978 2304.718628 642.477295 2707.88147 1024.0
P0029 0.047544 1825.352234 1015.858932 1948.0 1520.795349
P0029 0.033464 1199.508881 208.284744 1570.457397 378.227539
P0029 0.030766 777.837952 424.90918 1024.0 809.822021
P0029 0.010845 1795.241943 1780.397949 1928.396973 1914.465942
P0029 0.010745 1748.005065 926.433811 1764.238461 978.99358
P0029 0.010239 1334.679993 181.624496 1657.254944 565.049438
P0029 0.010003 1740.790292 1606.132538 1761.480793 1691.907806
P0029 0.008578 706.992004 925.0 992.448059 1575.851868
P0029 0.008126 1738.464285 951.336985 1765.263655 1013.332657
P0029 0.007964 1674.877991 1110.762878 1855.269348 1948.0
P0029 0.006478 2309.468079 1032.320816 2691.826721 1488.054077
P0029 0.005914 1978.223114 469.786621 2156.105621 1000.307617
P0029 0.005678 925.0 479.810852 1290.790833 739.176819
P0029 0.005093 925.0 1282.255737 1032.933701 1874.60144
P0224 0.007963 784.317681 1100.872131 809.589741 1411.524353
P0224 0.005259 913.729736 657.679779 1011.128296 821.726044
P0226 0.058512 800.179199 775.649109 876.0 865.0
P0226 0.010132 542.32959 275.125244 762.028687 762.93689
P0339 0.00994 624.267639 1202.205688 913.973328 1392.993652
P0334 0.029635 946.933685 666.0 976.278915 885.996185
P0334 0.008571 964.12262 666.0 1019.048035 885.119247
P0238 0.009503 713.823792 174.185883 953.613098 645.739502
P0238 0.007053 1012.14563 125.733307 1024.0 221.105591
P0136 0.031977 2038.35144 1495.739563 2466.138367 1880.867004
P0136 0.008568 2191.04068 1831.826172 2563.206665 2015.47113
P0038 0.010415 1731.219543 3886.398804 1948.0 4312.0
P0133 0.007118 200.029804 1106.368164 213.847431 1152.779419
P0133 0.005116 200.143975 30.711802 214.846329 65.846947
P0232 0.009612 1152.578796 1324.84375 1526.0 1730.0
P0036 0.009152 1671.134766 4518.099426 1948.0 4875.898193
P0030 0.038499 1770.688831 1383.0 1886.876465 1871.079254
P0030 0.007999 1941.422989 748.169678 2432.657532 1024.0
P0030 0.007864 271.961914 1097.665695 575.620361 1571.009705
P0030 0.007718 1669.10083 1788.386902 1877.416992 2268.411072
P0030 0.006929 1851.045654 1355.68573 1929.03418 1948.0
P0030 0.006364 364.863617 612.241699 473.477875 853.792847
P0030 0.00543 1303.429016 1743.098907 1604.59613 2234.72998
P0032 0.005666 2.650803 913.294373 274.39563 1402.490112
P0049 0.050832 257.418091 881.126404 516.814392 1024.0
P0049 0.013649 449.168945 665.201965 705.471558 920.421692
P0049 0.010412 718.389221 529.448608 969.029846 844.062378
P0049 0.009736 1135.96283 1146.031418 1369.887268 1445.705017
P0049 0.006235 1004.324707 925.0 1275.805908 1124.391449
P0124 0.007664 526.499756 1126.127029 762.049683 1396.888367
P0041 0.010352 2414.638672 1600.253357 2661.511108 1944.663391
P0044 0.231208 633.742554 922.950668 813.074982 1317.051147
P0044 0.093418 1170.574402 768.199722 1538.180603 1220.360229
P0044 0.049891 326.924194 884.494263 741.561035 1024.0
P0044 0.049262 362.730652 1061.572784 604.303833 1334.585449
P0044 0.018945 630.164734 355.516479 998.52301 529.553162
P0044 0.016523 661.340515 720.918389 721.411194 738.989059
P0139 0.25116 611.347168 518.271118 729.021729 655.208862
P0139 0.005966 593.150085 414.64032 809.750549 761.174133
P0688 0.021789 860.27655 75.0 988.198669 141.868607
P0688 0.005108 653.36792 75.181355 800.617554 158.403595
P0210 0.008457 2258.618103 712.871826 2474.0 1024.0
P0455 0.005647 776.619995 48.023788 1059.524536 390.597046
P0664 0.038227 382.408447 1.0 667.78772 205.228958
P0664 0.009351 20.397964 141.662626 412.157654 204.758675
P0113 0.094109 205.174469 2773.017666 393.713104 2863.343094
P0113 0.033123 3363.588135 930.195076 3645.964478 1181.63092
P0113 0.020243 1849.0 3813.354187 1962.491081 4044.522766
P0113 0.015654 3339.308716 1851.859177 3581.109009 2264.667053
P0113 0.014218 3410.45343 1953.544289 3522.941101 2176.932312
P0113 0.013813 938.749245 1741.285339 1183.84848 1948.0
P0113 0.012885 509.615662 925.0 722.763611 1404.105408
P0113 0.01122 3262.187683 1441.002197 3507.852234 1948.0
P0113 0.009393 2131.246887 935.946514 2394.005676 985.000523
P0113 0.009167 1523.42572 3117.0 1943.714417 3313.452972
P0113 0.008442 3795.697815 943.980026 3809.31134 1105.114319
P0113 0.007727 1713.910889 937.754517 1935.217773 1007.500168
P0113 0.00744 3286.840271 1245.922119 3379.521912 1374.494141
P0113 0.006951 1.0 2773.0 321.53653 2952.302124
P0113 0.006857 2588.746521 2376.294434 2872.0 2773.392822
P0113 0.006802 2826.857056 2917.576721 2872.0 2989.070801
P0113 0.006742 3457.651733 3456.020874 3666.004517 3997.464722
P0113 0.00665 137.324158 2588.869507 246.946503 2736.516602
P0113 0.005907 980.493797 1857.100483 1143.325684 1928.554321
P0113 0.005863 628.426208 3120.607107 675.033997 3144.47826
P0113 0.005859 3617.993958 1079.627151 3643.061462 1127.092056
P0113 0.005807 3742.69458 1849.0 3783.568237 1977.578796
P0113 0.005557 929.738834 1.0 1026.037338 527.563965
P0113 0.005548 1088.18042 2657.630127 1416.137024 2872.0
P0113 0.005402 3538.000366 1127.114288 3775.395996 1938.587036
P0113 0.005242 2998.290253 2163.048187 3289.678467 2385.649048
P0113 0.005025 3630.715332 141.333542 3753.065063 605.071289
P0111 0.00787 1840.501343 150.581726 1938.169922 761.388916
P0111 0.007315 1125.295609 1199.615723 1387.400146 1543.827759
P0052 0.067807 764.241089 925.0 1010.926025 1117.832214
P0052 0.019399 838.0 905.413269 985.195633 1024.0
P0052 0.017393 781.941589 1248.788788 1004.899109 1443.128479
P0119 0.03942 2096.288452 894.404724 2354.130371 1024.0
P0119 0.006648 1800.177139 1819.355347 2191.956909 1948.0
P0054 0.006649 1208.112091 733.128296 1462.789734 882.598022
P0697 0.006523 357.987474 120.096279 382.389553 171.178864
P0693 0.045377 684.417786 915.724609 1016.480774 949.194336
P0693 0.017178 943.194519 906.081116 1465.0 956.943909
P0693 0.015964 645.994568 949.521057 1024.0 957.0
P0067 0.00641 587.292786 23.903976 897.992615 494.360779
P0066 0.012534 1849.0 2258.0 1975.777367 2333.635376
P0066 0.006738 1408.367767 2363.81974 1580.522766 2521.423645
P0066 0.0063 2135.285168 2654.458069 2214.119568 2868.340271
P0065 0.133133 952.664917 390.89151 1002.693115 437.046906
P0065 0.130015 935.562317 355.074829 1016.135803 471.582825
P0065 0.008798 894.401489 135.863708 1024.0 701.676758
P0065 0.006159 1014.00238 2783.049988 1023.079163 2890.918518
P0063 0.027075 1971.500938 2386.097382 2005.558403 2442.31955
P0063 0.010174 1956.386879 2361.282257 2025.196075 2466.596588
P0063 0.00813 1673.582275 1133.876099 1719.755005 1175.642456
P0063 0.006763 1929.452087 932.130367 1943.121887 964.654976
P0063 0.006601 1185.262878 934.729728 1235.285339 945.434948
P0063 0.005656 929.830185 1960.995613 958.897892 2008.316559
P0063 0.005436 1048.978714 931.085361 1073.922714 948.009521
P0061 0.039178 1781.924622 316.810272 1869.830505 417.355133
P0061 0.027082 1846.373779 278.064697 1925.752319 410.676819
P0061 0.007898 1924.14502 306.930603 1943.897827 384.804016
P0461 0.012897 503.068237 1.0 869.532593 216.642075
P0461 0.010628 117.852119 272.097382 310.84729 576.15625
P0460 0.014019 37.165947 537.959961 199.224396 1044.635864
P0109 0.011018 446.34021 508.069122 786.146362 968.383179
P0109 0.005159 605.755615 714.067322 630.190063 736.246643
P0223 0.01448 1432.322144 840.500488 1751.904175 1023.984375
P0223 0.007745 37.02446 16.718475 246.032608 412.225555
P0223 0.00725 146.067871 762.860138 439.961487 1340.769775
P0223 0.005075 1425.660583 830.087036 1753.369568 1433.231812
P0867 0.243239 1917.377075 1976.879333 2009.416992 2051.0
P0867 0.022737 1915.273354 2010.24646 1967.327103 2048.463623
P0350 0.008754 59.421242 655.919312 259.562897 1121.723022
P0317 0.020234 1752.72052 283.99646 1939.602234 743.10376
P0070 0.006539 316.261795 477.934448 582.645325 912.921509
P0070 0.006512 427.165924 328.457962 784.76355 757.07428
P0071 0.031563 305.709106 407.332214 618.982544 730.557312
P0071 0.010338 1.0 385.929047 306.035706 572.452393
P0071 0.006356 837.57373 373.044708 939.911255 934.0
P0236 0.005526 1003.639404 211.320007 1023.057861 320.003601
P0883 0.040992 345.199524 206.323547 645.323242 403.78833
P0888 0.011637 210.180084 11.639 702.859863 181.407684
P0878 0.005041 2786.660484 105.685715 2957.791504 572.673584
P0879 0.024517 1851.879822 2335.060913 1939.569641 2521.096802
P0058 0.005152 902.732361 97.109894 1110.97406 190.608246
P0346 0.007637 3106.065308 2125.729156 3338.360046 2340.893188
P0346 0.005698 3865.60379 367.764709 4148.519409 1008.849182
P0349 0.008822 12.216354 3189.768433 263.961609 3569.0
P0349 0.00797 182.730713 1342.776794 403.4953 1654.529724
P0504 0.00622 1023.983887 387.34314 1218.981415 918.398315
P0504 0.005463 1773.474365 395.137909 1928.359619 911.623169
P0504 0.005014 1521.204102 905.318298 1940.800903 1024.0
P0505 0.00981 249.724518 1607.156067 371.712372 1782.287292
