P0141 0.009685 3030.488525 570.428101 3053.129517 586.435913
P0141 0.005509 3534.556763 1474.193542 3762.559082 1727.173401
P0065 0.005482 1148.178558 2568.866821 1188.483734 2605.562256
P0065 0.005435 518.578369 2572.744141 535.620117 2614.026886
P0064 0.007826 1856.463119 1671.704102 1874.340595 1729.653564
P0063 0.015839 1048.978714 931.085361 1073.922714 948.009521
P0063 0.010037 875.129028 930.802006 913.040894 946.800747
P0063 0.009119 780.135681 926.393066 812.786194 947.051268
P0063 0.007457 1091.262451 933.693628 1130.015594 946.74781
P0063 0.006225 1185.262878 934.729728 1235.285339 945.434948
P0063 0.005259 1413.509186 598.037231 1506.400085 706.224243
P0061 0.019856 931.0 651.51239 941.903321 730.247498
P0061 0.015147 1050.875076 1384.491211 1089.60585 1414.601685
P0061 0.012409 927.340014 1365.280273 949.451263 1391.666138
P0061 0.012035 1924.14502 306.930603 1943.897827 384.804016
P0061 0.010022 1857.584778 281.75531 1931.206238 405.892517
P0061 0.007343 1079.390106 1390.289551 1111.020172 1424.249634
P0061 0.00606 938.236103 1379.504944 953.661228 1416.524475
P0066 0.017438 448.20166 2417.073853 521.002136 2451.302246
P0066 0.01155 1927.890594 1711.24884 2039.904053 1817.976257
P0066 0.010602 1457.185913 1954.107635 1523.204468 1992.740891
P0066 0.009274 2538.951111 2264.050026 2632.55011 2351.259163
P0066 0.00917 1338.638916 2705.085999 1370.100464 2756.928162
P0066 0.007701 1411.091949 2465.137451 1523.617554 2508.072021
P0066 0.007351 1420.285156 2396.149292 1562.688232 2534.570465
P0085 0.005075 697.138245 1401.76532 746.80011 1423.918518
P0087 0.039325 838.953491 1009.696335 870.301025 1055.089417
P0087 0.02084 2325.805328 2031.152695 2367.988892 2046.801834
P0087 0.010255 348.154144 2882.64537 372.625763 2913.701172
P0083 0.013676 4378.927551 1849.0 4701.30426 2057.057907
P0082 0.011096 3366.109497 3842.52771 3702.544189 4050.315857
P0082 0.010917 3166.513062 1037.797791 3186.763306 1063.321045
P0082 0.010826 2674.162048 936.597351 2714.308044 993.219666
P0082 0.006906 3445.543152 1157.443024 3563.736145 1271.731293
P0082 0.006381 3217.335999 1350.934692 3249.979675 1382.18219
P0082 0.005224 942.016211 929.846924 1000.084297 1012.838501
P0229 0.005927 888.763733 904.047791 1024.0 1020.42157
P0022 0.007427 3169.67514 5403.76355 3328.585541 5540.585449
P0020 0.013317 2278.349945 3704.738098 2308.120697 3777.259338
P0020 0.010484 4252.705231 3483.81044 4281.823792 3527.651382
P0020 0.007545 2174.303802 3690.377075 2209.95047 3743.421631
P0020 0.006 4041.942562 3459.570129 4060.038059 3485.214417
P0054 0.116692 1296.582703 710.906311 1364.171204 910.087708
P0054 0.021921 951.333929 1701.459412 989.646858 1769.050964
P0054 0.017681 747.103821 1563.52594 794.196472 1775.653137
P0054 0.009481 1238.637589 780.078979 1260.726608 833.168213
P0000 0.011938 939.215919 2784.990112 1047.023567 2870.759888
P0000 0.011046 1248.950897 3700.008301 1596.072876 3894.425522
P0000 0.009185 2852.656509 4092.191895 2998.629715 4223.432739
P0000 0.00741 1849.0 4892.919861 1912.571297 4974.076782
P0000 0.006647 1849.708923 5043.947754 1870.289133 5141.553711
P0000 0.005739 1856.913506 1186.710144 1950.714043 1345.882507
P0002 0.005752 1709.476379 1766.32489 1739.572205 1819.722839
P0221 0.012444 701.563477 346.231628 762.73761 399.950867
P0221 0.008168 394.606781 1012.964027 445.126862 1060.684723
P0221 0.007115 846.726868 507.683105 902.796326 561.59375
P0221 0.006574 395.026955 972.067596 501.814278 1076.678665
P0221 0.005668 602.033905 289.380341 908.114014 455.340363
P0221 0.005519 618.104385 2040.142456 658.031921 2066.049805
P0220 0.007477 536.195251 518.928345 626.368958 594.541504
P0220 0.006118 876.649693 751.450134 923.523392 791.289001
P0160 0.005523 1141.809692 1399.41095 1253.190186 1505.829895
P0160 0.005378 2609.082886 1148.288025 2731.635132 1236.206238
P0482 0.010879 226.341019 185.59404 355.951904 365.06134
P0225 0.008721 516.948547 155.96846 539.482422 226.774063
P0008 0.005221 451.848267 443.638138 510.177246 470.181641
P0042 0.007328 1515.719727 1238.852974 1640.237793 1376.855896
P0868 0.00875 2390.934265 1117.776474 2674.83197 1474.894104
P0868 0.008007 2173.056061 1027.303406 2426.297363 1324.705688
P0868 0.006526 2502.379532 1245.154053 2550.698822 1291.612488
P0868 0.006393 1223.396057 777.691956 1541.648865 991.450134
P0250 0.059198 455.327637 747.287292 555.562988 895.065125
P0250 0.02137 609.637817 1044.499527 708.379761 1161.526016
P0224 0.005346 913.729736 657.679779 1011.128296 821.726044
P0350 0.006781 382.93692 224.884552 410.950043 263.448792
P0252 0.014769 937.093994 379.30481 1023.547119 514.38562
P0349 0.095076 2341.939758 188.237244 2392.705017 247.309174
P0349 0.043638 2330.438293 158.493164 2412.299744 287.928101
P0293 0.005774 439.0 146.421509 447.480051 192.439453
P0884 0.007544 97.745476 118.062881 270.373047 327.193787
P0339 0.007141 747.201965 734.830505 955.312195 1024.0
P0339 0.006152 2583.186096 1295.856812 2708.481384 1401.0
P0338 0.009395 601.179077 1268.482788 783.42334 1407.0
P0215 0.066615 1855.063175 560.543396 1945.062714 744.393677
P0215 0.01137 1631.502747 1272.938538 1691.267395 1333.93988
P0215 0.006295 407.929626 897.32251 565.145508 1024.0
P0883 0.007984 612.380981 704.083984 703.18335 820.557007
P0879 0.00992 2842.813354 1906.775635 2865.009155 1947.636353
P0879 0.00916 190.006317 1133.743652 223.822906 1163.152557
P0879 0.007485 2434.202576 1235.972046 2514.303162 1358.332947
P0879 0.007378 1385.835541 841.64624 1437.333984 912.021851
P0879 0.00719 209.534714 527.915222 245.644302 563.997742
P0879 0.006092 3184.752441 1601.419403 3227.75647 1655.758698
P0879 0.005392 2561.005157 1329.204559 2614.308441 1358.810089
P0219 0.019433 3.934261 14.90741 121.149796 264.529938
P0219 0.006534 2360.853088 758.819031 2465.867371 834.394348
P0219 0.005483 968.233013 345.667053 1032.579575 467.954895
P0095 0.013058 505.075867 621.670654 539.775208 662.328247
P0041 0.005043 1912.420532 925.0 1948.0 945.438168
P0334 0.014256 946.933685 666.0 976.278915 885.996185
P0334 0.008995 525.918274 691.272888 633.239807 853.442657
P0334 0.008149 676.661804 683.595245 722.34967 859.944778
P0334 0.005903 690.127441 683.015358 782.968262 866.792023
P0113 0.718407 2557.486633 1196.115051 2658.527283 1298.960571
P0113 0.419944 2763.211548 1170.328003 2872.0 1293.940125
P0113 0.347749 2330.439789 1155.423767 2436.588989 1261.271301
P0113 0.150584 2143.306366 3408.305725 2246.558807 3500.088379
P0113 0.131843 2777.41716 1063.661652 2905.862762 1211.588135
P0113 0.047273 2505.266846 1260.397034 2626.127686 1364.040405
P0113 0.024968 2826.857056 2917.576721 2872.0 2989.070801
P0113 0.021845 2315.621246 1066.371338 2426.112183 1203.86554
P0113 0.020486 2314.510468 1256.445129 2422.326782 1341.45813
P0113 0.020076 2214.17395 3360.496155 2314.255127 3473.361145
P0113 0.015119 1107.130951 1561.233948 1198.837433 1641.332336
P0113 0.014818 3299.905426 1885.31773 3372.04895 1990.116455
P0113 0.014184 1110.2034 1481.13562 1206.453766 1566.481445
P0113 0.013696 2215.687073 1058.951675 2322.651855 1200.846497
P0113 0.012066 2589.701782 1122.877777 2676.845825 1241.821686
P0113 0.010397 2198.863068 1118.592987 2251.444794 1164.628876
P0113 0.010319 3147.953369 1549.316284 3206.183594 1626.353516
P0113 0.010138 1988.087845 2599.394775 2029.432968 2639.712769
P0113 0.009817 1376.950348 3063.226624 1431.464142 3117.46051
P0113 0.009534 1774.154541 2621.968323 1815.503418 2668.491272
P0113 0.008948 930.415339 1532.814453 964.920662 1589.582153
P0113 0.008629 879.405762 2035.909912 985.83252 2156.122284
P0113 0.007913 1143.757019 1132.206589 1237.783569 1222.01532
P0113 0.00716 2646.157532 3124.650856 2752.410217 3199.989243
P0113 0.006081 888.755005 1294.281067 993.361938 1445.099426
P0113 0.00568 2585.174255 1030.840546 2699.434021 1145.271057
P0113 0.005605 929.545731 1152.748245 987.738976 1226.387878
P0113 0.005592 693.840942 3452.264648 739.731567 3507.031921
P0113 0.00543 3178.536133 1397.21579 3211.465942 1441.300476
P0113 0.005056 3612.201904 940.344809 3661.890137 1002.202354
P0238 0.068912 1012.14563 125.733307 1024.0 221.105591
P0238 0.005507 1004.994629 168.027145 1020.597412 255.822281
P0258 0.009103 495.770172 413.58017 591.322205 500.894318
P0039 0.012459 1955.277817 3086.098633 2053.98204 3167.439453
P0039 0.011617 2504.56958 2714.075317 2647.090332 2846.047974
P0254 0.010772 22.056267 480.126831 114.575417 570.671753
P0254 0.009099 1977.439514 276.287384 2069.804504 376.617462
P0255 0.017445 857.000977 304.566132 909.657837 341.892548
P0255 0.007354 981.576355 485.745728 1014.802063 521.72168
P0255 0.006982 446.940552 887.682373 475.886169 912.950684
P0036 0.013218 1626.241638 2514.827637 1948.0 2872.0
P0036 0.00593 2880.112549 555.214661 3004.392212 661.334412
P0036 0.005365 749.27356 2191.57724 857.987427 2270.838348
P0091 0.012799 151.689987 676.870117 188.32695 723.344604
P0139 0.005484 356.449554 103.640869 907.206787 614.635681
P0251 0.01465 1771.00531 443.578735 1791.488342 514.860291
P0494 0.009175 1723.873253 376.228546 1888.093536 530.117126
P0235 0.005039 932.534767 359.676575 1014.716492 607.954285
P0052 0.005706 452.261627 1131.970276 475.68161 1158.232239
P0023 0.006166 1012.770691 3321.988647 1023.488953 3437.289062
P0023 0.005573 1822.448242 86.586296 1847.410889 130.34726
P0697 0.006051 357.987474 120.096279 382.389553 171.178864
P0029 0.007083 1738.464285 951.336985 1765.263655 1013.332657
P0488 0.008125 211.859512 224.007111 338.01123 401.766632
P0871 0.005269 936.409698 946.499519 1276.863556 1178.671204
P0049 0.010328 489.766357 637.188354 524.716125 665.390503
P0346 0.009508 3213.379761 1819.436401 3383.047485 1941.86377
P0346 0.007985 701.672607 1725.039185 736.034302 1742.206787
P0289 0.020931 149.153915 403.667648 237.688484 560.059814
P0223 0.045093 132.047806 452.335712 239.920334 564.950302
P0223 0.021424 838.582153 1251.036194 957.500732 1359.059631
P0038 0.018231 362.588531 85.582802 488.853119 193.016205
P0503 0.008138 461.65152 398.132111 615.435974 578.336517
P0504 0.00594 287.0849 843.391357 432.253601 1024.0
P0109 0.014878 605.755615 714.067322 630.190063 736.246643
