P0067 0.019638 563.992432 397.965637 680.403137 518.626526
P0067 0.013019 582.750427 392.475525 605.880432 431.196716
P0067 0.010549 597.905334 399.462006 627.3797 442.319794
P0067 0.010207 546.219879 306.88324 565.382355 345.766602
P0067 0.009997 353.210693 372.154205 893.713074 548.951782
P0067 0.008418 598.987854 428.227753 655.998901 477.718536
P0141 0.100095 3760.974518 1313.189148 3905.74939 1456.91217
P0141 0.050919 3540.034058 1472.173584 3756.195923 1711.257812
P0141 0.032113 2773.0 438.36322 3141.086792 703.302063
P0141 0.007202 156.690933 471.416992 269.341187 611.279785
P0141 0.00555 155.525391 528.460754 195.511261 557.142883
P0141 0.005028 148.640762 552.584106 193.815262 578.271118
P0065 0.087429 1429.308289 640.488708 1496.788391 675.136292
P0065 0.041782 2076.626648 2401.752319 2108.99176 2443.283203
P0065 0.01662 2021.50177 2005.663254 2054.285583 2033.027359
P0065 0.009814 2004.570068 2007.151352 2034.091797 2033.429153
P0065 0.009117 197.601685 950.242432 228.955994 988.942627
P0065 0.007932 1014.00238 2783.049988 1023.079163 2890.918518
P0065 0.007123 2038.213745 2438.180603 2061.328613 2468.235413
P0065 0.006825 2054.811584 2367.213074 2129.535461 2483.658386
P0065 0.006589 2223.80719 472.104218 2241.836121 495.509979
P0065 0.006157 1711.108551 199.524796 1737.508881 226.590958
P0065 0.006128 1524.623596 633.847656 1560.358704 667.863892
P0064 0.030565 1163.075684 1615.726685 1181.848511 1640.458313
P0064 0.017083 1216.298553 1616.29538 1240.491364 1647.332672
P0064 0.012933 1838.4599 1961.878174 1873.074524 1990.540039
P0064 0.010685 2853.213562 620.168884 2868.573425 693.489929
P0064 0.006224 1162.681641 1600.759033 1177.567719 1622.977539
P0064 0.005685 2844.759888 547.430359 2865.424316 592.110901
P0144 0.009316 479.009094 564.739746 503.729919 609.723999
P0890 0.106964 987.534607 617.398621 1020.778748 699.529602
P0890 0.025288 1008.596375 718.14978 1024.0 818.721313
P0890 0.016064 960.105682 928.005005 999.286774 986.412476
P0890 0.008823 955.234741 663.27478 997.311646 705.161865
P0890 0.007731 946.748047 753.972717 987.625854 786.919861
P0890 0.00605 1478.245972 2160.42923 1512.127563 2211.177094
P0066 0.009649 2041.627335 2663.51947 2178.466858 2771.714294
P0066 0.008256 356.845245 975.657856 405.416168 1011.023849
P0066 0.006942 2677.731445 783.061646 2794.027832 905.256836
P0066 0.00683 1408.367767 2363.81974 1580.522766 2521.423645
P0085 0.348397 1837.418961 960.069809 2173.808472 1227.294556
P0085 0.178817 456.46936 1258.680695 937.825562 1630.422607
P0085 0.098965 1801.71756 883.266418 2197.643677 1024.0
P0085 0.064708 526.756958 1483.0 872.707397 1624.457306
P0085 0.044742 2190.76355 1118.30368 2223.101807 1172.670471
P0085 0.042942 1592.0 973.889542 1726.952423 1151.782516
P0085 0.035658 1876.566223 1207.986664 2052.089294 1321.231659
P0085 0.035585 1833.604736 1030.719269 1938.287354 1238.263519
P0085 0.031391 599.205688 1594.632996 714.419067 1707.382874
P0085 0.018147 1944.480377 1290.18634 1992.532623 1324.068115
P0085 0.013933 622.409851 1624.462097 677.433655 1678.574158
P0085 0.009168 420.616821 925.0 722.769531 1221.292297
P0085 0.007968 1782.412872 1173.474655 2155.92981 1360.329102
P0085 0.007923 1932.300171 1240.966431 1999.59137 1281.907532
P0085 0.007783 1748.502243 1113.338013 1773.227737 1167.499756
P0085 0.00678 2183.738892 1150.096207 2225.234009 1187.575989
P0085 0.006457 2192.538574 1076.664246 2217.509033 1139.512543
P0085 0.006008 605.702759 1624.89032 634.981934 1693.019226
P0085 0.005913 2116.889282 1052.415359 2224.552368 1236.271973
P0085 0.005613 914.0401 1347.961334 949.239685 1399.948761
P0085 0.005228 1901.83197 871.955872 1949.739929 915.403992
P0085 0.005083 1932.013885 816.608765 2083.957794 965.224365
P0087 0.08583 2325.805328 2031.152695 2367.988892 2046.801834
P0087 0.085174 3492.329163 1197.934143 3742.268982 1473.728699
P0087 0.047789 656.623474 818.101074 1024.0 1024.0
P0087 0.042286 613.128906 950.732132 1024.0 1151.950485
P0087 0.019159 3298.969299 974.298386 3796.0 1138.884476
P0087 0.009921 820.967834 1164.557587 870.807434 1193.261902
P0087 0.00719 925.0 925.0 1141.479584 1217.081665
P0087 0.006246 2031.832367 1950.983994 2658.430908 2113.555908
P0087 0.005602 2320.44696 2048.05751 2374.679077 2064.211258
P0087 0.005346 3060.358826 2774.599457 3221.971558 2876.179512
P0087 0.005003 2918.730179 2773.0 3373.371643 2937.397141
P0036 0.020839 2860.250671 125.022217 2908.905823 164.237671
P0036 0.010802 409.10083 1864.347961 582.365417 1971.911377
P0036 0.010658 474.735779 1829.619202 510.186218 1876.150574
P0036 0.006478 112.135735 5493.323242 179.600067 5540.0
P0036 0.005928 144.118408 5506.336609 210.403534 5536.56427
P0677 0.023491 521.608032 443.013489 566.093994 501.425903
P0677 0.008592 438.886963 438.859802 490.601379 507.087585
P0898 0.974366 2466.78479 1646.622864 2548.13501 1724.098083
P0898 0.018686 1848.248581 1384.168945 1899.886215 1457.39563
P0898 0.012782 2168.566345 1608.115784 2749.0 1802.027649
P0898 0.008444 786.213135 1082.851593 806.7948 1099.689911
P0898 0.007897 1185.186981 3712.146606 1232.177521 3740.705444
P0898 0.005315 1726.0 1.0 1787.000385 126.576385
P0082 0.06179 3889.404297 3763.697815 4020.177185 3893.75296
P0082 0.021292 3117.320343 4276.129028 3258.981964 4418.917725
P0082 0.011917 4001.92157 3406.608459 4063.329163 3460.062927
P0082 0.009647 4954.329773 2579.992065 5138.907654 2863.718384
P0082 0.006618 3408.984863 3798.284714 3657.256226 4093.787109
P0082 0.006522 3794.456558 3706.390877 4109.395203 3960.542694
P0082 0.006507 4340.66571 4662.474487 4589.119324 5003.076782
P0126 0.87811 187.75177 230.464706 238.876282 287.717621
P0126 0.020724 127.94899 216.515884 303.626404 307.76947
P0022 0.125516 964.63488 5613.844635 1101.602325 5742.829712
P0022 0.03592 998.205467 5659.973862 1058.430038 5707.07991
P0021 0.011051 407.32312 1156.791672 681.903931 1412.169678
P0020 0.018856 309.577698 700.997742 336.29071 730.984924
P0020 0.006761 3380.301575 1399.463409 3407.116516 1439.025269
P0020 0.006464 291.139893 703.106384 324.120972 734.407043
P0000 0.016782 2855.164524 3759.725227 2948.014099 3993.570709
P0000 0.007607 2852.0 3704.454849 2976.749931 3786.60878
P0000 0.007263 3302.125977 2777.64175 3382.254822 2791.852705
P0000 0.005518 1631.270081 4913.395813 1914.888977 5108.709778
P0025 0.32829 3545.654715 2296.919922 3585.084686 2370.393494
P0025 0.030248 4284.507324 969.397156 4317.948608 1024.0
P0025 0.010265 3571.613102 2240.967804 3619.847946 2277.532806
P0025 0.00992 312.202576 388.533447 339.503784 423.799683
P0025 0.007747 3560.922882 2244.985321 3584.187706 2271.246246
P0025 0.005888 709.364624 3606.506531 765.789429 3678.921082
P0221 0.027005 1310.330688 1313.317139 1352.280151 1354.491394
P0221 0.015338 1046.961365 513.688416 1091.945374 548.903748
P0063 0.29093 818.562988 2079.053696 873.146606 2133.444458
P0063 0.199894 835.896179 2051.528976 873.173645 2078.509781
P0063 0.069255 598.777161 284.091583 628.095032 317.136566
P0063 0.048432 852.287109 2070.521713 891.572021 2135.357468
P0063 0.039213 1852.099011 1346.557861 1868.032299 1403.832214
P0063 0.030599 616.401733 273.142853 657.966919 309.677399
P0063 0.022504 629.494446 247.094452 670.102722 273.29245
P0063 0.020124 590.525696 239.51474 618.970886 264.453949
P0063 0.019171 797.563721 2080.143356 832.263184 2120.548737
P0063 0.011948 795.986206 2045.698593 837.886597 2088.948257
P0063 0.009786 1673.582275 1133.876099 1719.755005 1175.642456
P0063 0.009092 169.347412 1639.904663 188.62677 1677.326904
P0063 0.00839 198.436951 1498.210083 217.493011 1550.946289
P0063 0.008173 2434.181274 283.70752 2464.753784 320.867188
P0063 0.00649 2659.70813 550.695068 2710.142334 619.612427
P0063 0.005443 628.229492 1995.5784 1024.0 2219.940216
P0063 0.005373 153.936844 2409.375916 173.201859 2437.506287
P0063 0.00531 139.320236 2402.568542 160.18544 2421.983826
P0160 0.825838 1875.365238 2393.172729 1943.06958 2458.68396
P0160 0.411715 1285.970795 2480.727478 1367.752472 2528.480652
P0160 0.387379 486.572968 355.349487 578.933289 456.58905
P0160 0.379977 1644.010193 1278.537689 1706.548645 1337.125092
P0160 0.22206 2895.622375 1901.251099 2945.55365 1939.643433
P0160 0.051477 2902.858154 1882.998604 2951.958374 1911.837349
P0160 0.033284 1654.270386 235.69223 1835.225586 439.876434
P0160 0.014623 2882.267151 1861.859558 2980.695007 1938.178772
P0160 0.009444 350.671417 317.688782 715.659546 521.550537
P0160 0.009057 3016.824097 1558.65979 3060.53418 1596.672729
P0160 0.008935 2880.328796 1870.343315 2909.937317 1912.065437
P0160 0.00818 2884.021484 1907.404396 2912.852295 1948.075287
P0160 0.007614 1961.114243 988.214233 2025.949722 1023.573364
P0160 0.006791 940.565922 2417.318726 1015.075638 2448.353882
P0160 0.006544 2913.520508 1836.862488 2953.776611 1866.86615
P0160 0.005467 1894.121384 1921.850281 1985.103012 1938.846497
P0160 0.005329 1873.578651 1792.0 2022.696747 1908.983322
P0482 0.265596 865.658325 560.921082 907.0 630.333069
P0482 0.013292 831.612793 558.864014 867.882568 614.572388
P0100 0.0262 465.975433 210.109604 530.142212 240.913895
P0100 0.026038 394.648438 141.192444 526.723572 260.215973
P0100 0.010388 244.583618 96.537315 671.308411 305.71701
P0100 0.006517 368.500183 185.038971 693.045959 564.625366
P0100 0.006199 343.595093 426.708588 644.977844 608.104492
P0100 0.005296 465.210175 297.053162 508.489044 321.319275
P0044 0.011986 326.924194 884.494263 741.561035 1024.0
P0487 0.186439 1052.097534 14.982695 1100.894043 52.826035
P0487 0.017859 1088.204285 212.083893 1115.626404 279.050446
P0487 0.013107 1024.009155 1.0 1122.0 217.722748
P0103 0.620887 326.634094 383.637939 570.805603 646.540405
P0103 0.005462 370.737366 645.661133 411.752258 695.322876
P0103 0.00534 342.050171 603.078613 448.098511 740.381226
P0222 0.040948 1454.938782 1351.285522 1484.435608 1429.682739
P0236 0.005742 1003.639404 211.320007 1023.057861 320.003601
P0061 0.009828 1608.871338 1029.728058 1633.410034 1054.631134
P0061 0.009106 1614.821838 1007.759064 1639.383972 1026.917664
P0061 0.00861 1639.220825 1030.157654 1676.330688 1059.09491
P0061 0.006571 1275.786591 628.722107 1302.8013 650.855896
P0061 0.005052 1605.21106 1125.003571 1646.859253 1156.44278
P0868 0.772871 1077.255432 2108.469971 1180.688202 2218.551514
P0868 0.072301 925.0 2054.403015 1034.018944 2255.979919
P0868 0.061891 947.223145 2068.605103 1323.933899 2279.127197
P0868 0.005906 2390.934265 1117.776474 2674.83197 1474.894104
P0867 0.582193 1502.81189 1668.501526 1554.295898 1725.625427
P0867 0.020798 625.820129 1350.262238 658.576477 1385.83609
P0867 0.016345 1486.567444 1661.224609 1527.057312 1714.063354
P0867 0.011999 633.337036 1328.62207 667.430298 1365.673218
P0867 0.007571 1553.530579 1649.141602 1582.189636 1701.289795
P0867 0.006735 925.0 323.597626 937.611486 357.292389
P0867 0.00614 1479.18396 1698.546631 1518.042847 1742.521729
P0030 0.060478 76.0056 520.870361 440.533813 705.192383
P0030 0.0134 1521.463684 705.872498 1549.784607 726.582336
P0861 0.521554 301.016724 496.746552 351.60968 548.89917
P0861 0.007243 285.77124 503.948395 315.385681 562.572388
P0861 0.006192 442.588745 343.673889 472.767822 379.12439
P0224 0.008635 913.729736 657.679779 1011.128296 821.726044
P0224 0.005932 937.160034 702.212036 975.426758 761.116211
P0096 0.390245 260.61322 428.205933 536.49646 728.562195
P0096 0.017715 330.574677 756.503601 396.256805 773.629944
P0096 0.014416 556.098877 323.372726 582.447144 361.423721
P0096 0.011373 512.551819 316.617767 534.364929 348.949158
P0096 0.006812 143.306656 336.209778 591.645874 500.841064
P0096 0.006771 274.29895 357.950592 297.083984 385.344391
P0096 0.006596 238.702927 358.995514 258.564667 383.116669
P0096 0.006126 565.591248 344.423996 591.386902 393.313675
P0096 0.005994 252.906662 458.381958 338.385681 704.653259
P0096 0.005399 234.433578 333.014679 256.948303 361.251282
P0096 0.005232 514.888184 295.458817 540.466431 324.014359
P0096 0.00512 377.536133 681.89325 427.487854 703.392883
P0688 0.406479 651.7547 75.0 806.959045 144.543762
P0688 0.026131 697.513489 80.035233 772.817017 121.805809
P0688 0.007738 100.789131 291.19751 332.103577 532.018188
P0688 0.006805 504.013947 75.0 954.086426 206.740555
P0119 0.186752 2039.604858 889.924622 2404.512085 1024.0
P0119 0.016748 1815.872269 1810.447205 2229.247498 1948.0
P0042 0.014253 1342.323181 808.225098 1552.372986 973.778931
P0042 0.007559 1188.929993 925.0 1629.872986 1076.83139
P0042 0.005193 1616.553345 628.956482 1677.121826 666.158752
P0881 0.014497 551.009705 23.619171 657.242737 114.379669
P0512 0.019478 816.480164 618.120605 846.818298 640.0
P0512 0.005585 848.864014 610.602356 883.897827 638.545593
P0899 0.013206 1477.111572 743.371704 1520.100708 782.865723
P0899 0.005094 795.668274 1495.620789 822.784363 1525.067932
P0070 0.011369 471.708496 891.693909 509.349792 911.632751
P0070 0.011225 392.388138 346.065353 747.499451 741.101196
P0071 0.09922 1.0 381.405518 351.968811 583.261658
P0071 0.047544 330.122772 506.573914 636.158691 675.15033
P0071 0.014357 294.618134 659.653198 321.749786 694.731201
P0339 0.062083 624.267639 1202.205688 913.973328 1392.993652
P0074 0.381092 220.706268 503.934387 361.475861 632.138855
P0074 0.005631 125.80101 394.389404 461.976624 753.401489
P0098 0.037721 262.274414 422.11615 770.575439 587.347351
P0098 0.021212 412.251526 551.637451 714.716736 845.179199
P0098 0.010506 388.125 455.454468 586.915955 550.454834
P0098 0.009334 451.200073 865.615601 515.779358 896.170166
P0098 0.009282 673.963318 438.350769 693.950623 474.186035
P0098 0.006231 482.810211 497.567932 547.546143 509.041748
P0098 0.006177 184.49472 772.591553 709.130737 946.049072
P0098 0.005083 375.670471 825.293579 508.731201 944.231689
P0098 0.005054 276.581024 551.553589 297.749542 576.454529
P0098 0.005051 234.224823 561.081543 266.548981 585.861206
P0099 0.010859 428.009186 534.987198 801.953003 882.752258
P0078 0.006385 204.702179 243.575775 282.114166 314.363739
P0078 0.005746 146.35968 218.807846 331.857147 346.084961
P0094 0.048491 791.348816 633.412689 818.68634 666.681305
P0094 0.036235 345.0271 366.484711 726.135498 726.456909
P0094 0.013882 630.72406 272.654755 647.9245 297.469513
P0094 0.012084 803.35791 609.07782 821.703857 642.73761
P0094 0.010189 489.567017 793.204773 520.862061 829.830994
P0094 0.008729 403.730621 754.635437 439.013519 801.242981
P0094 0.006613 479.790131 719.949829 576.926575 746.380127
P0094 0.006023 600.139465 283.43161 623.649231 300.79483
P0094 0.005863 642.571594 241.919144 658.793579 276.855011
P0094 0.005578 433.185028 784.698303 463.350922 815.005676
P0095 0.585164 390.22049 475.71698 717.525757 768.263123
P0095 0.036512 535.288574 452.658356 571.343628 466.362274
P0095 0.033744 535.425537 592.295227 574.514893 627.871521
P0095 0.018018 497.672638 457.259338 550.325867 471.561768
P0095 0.015037 343.837585 404.511398 708.911194 527.069275
P0095 0.010697 456.007904 554.924072 608.181152 725.873535
P0095 0.010445 301.774719 501.660553 325.090149 541.077026
P0095 0.010387 751.002197 706.291199 780.722656 736.379456
P0095 0.009362 505.075867 621.670654 539.775208 662.328247
P0095 0.0079 533.345276 660.919678 593.460999 695.847412
P0095 0.007065 511.771667 352.733368 536.627258 371.663116
P0095 0.006427 538.079346 294.956177 588.873413 313.838989
P0095 0.005317 587.533325 324.764893 615.390381 350.147339
P0095 0.005143 537.921448 804.754028 585.088806 832.701538
P0095 0.005113 496.526794 763.539368 550.026917 779.896057
P0664 0.33856 20.814199 724.269287 68.767509 756.881226
P0664 0.021801 1.0 693.012573 107.542366 785.256714
P0664 0.005371 77.355316 721.802917 110.678711 746.209045
P0888 0.00971 210.180084 11.639 702.859863 181.407684
P0113 0.214429 994.081192 1849.0 1133.784195 1908.37014
P0113 0.212986 3286.840271 1245.922119 3379.521912 1374.494141
P0113 0.087456 3299.780945 1385.846313 3381.195374 1521.198608
P0113 0.082016 3037.408966 1089.07074 3173.855438 1217.174591
P0113 0.069794 748.346558 942.969116 792.174927 992.768555
P0113 0.058866 739.307495 986.10437 810.659546 1014.565308
P0113 0.052809 938.749245 1741.285339 1183.84848 1948.0
P0113 0.037941 788.01886 986.991089 825.890564 1020.983398
P0113 0.033119 2902.75296 2195.941895 3016.536865 2310.559204
P0113 0.026021 3617.993958 1079.627151 3643.061462 1127.092056
P0113 0.025461 1983.286224 3622.4104 2019.005463 3664.490967
P0113 0.02414 714.531067 1577.950928 753.458069 1634.93457
P0113 0.020501 972.93988 1723.644836 1024.0 1948.0
P0113 0.020176 3610.419922 1163.195068 3637.742432 1203.303589
P0113 0.0198 3609.655212 1109.861954 3639.317566 1162.336075
P0113 0.019781 691.53186 1542.074951 787.611938 1679.41394
P0113 0.019475 719.005432 926.201538 826.336853 1014.60498
P0113 0.017647 3543.812622 1913.68335 3588.783203 1948.0
P0113 0.01174 3363.588135 930.195076 3645.964478 1181.63092
P0113 0.011451 2917.082359 2027.046478 3083.773529 2129.675385
P0113 0.008422 2795.0 2773.0 3582.079285 3174.686249
P0113 0.005611 3019.090347 2164.059418 3310.278931 2387.411987
P0113 0.005293 1002.725891 1777.174561 1023.642029 1924.598877
P0238 0.006621 692.640564 1.0 992.786926 220.687698
P0136 0.00808 550.895996 1581.88562 661.844482 1695.812866
P0136 0.007894 2085.279251 1556.425824 2110.666382 1571.953197
P0136 0.007086 682.869141 1708.796936 704.358154 1763.790222
P0258 0.010194 837.267456 4.770888 870.74231 32.461727
P0258 0.008166 498.253967 869.362366 816.514465 1075.0
P0083 0.078636 4501.298706 931.97451 4678.339111 1014.60775
P0083 0.033928 4571.890747 957.684925 4643.444763 1000.223312
P0083 0.00539 4356.483887 1849.0 4699.698486 2062.135956
P0232 0.369403 342.893677 971.77121 624.087219 1199.511566
P0232 0.020305 267.356293 1.979761 309.601349 40.19252
P0232 0.005166 234.093674 2.463867 276.976898 37.957088
P0050 0.020392 967.824844 2107.188911 1302.524109 2303.873413
P0050 0.012065 421.985138 516.011108 715.417969 697.635498
P0050 0.005093 1803.630493 2132.879311 2103.897766 2348.815796
P0158 0.913642 2193.671326 490.099426 2406.890869 726.280701
P0158 0.906524 517.676025 1813.869507 641.061401 1957.596924
P0158 0.816807 2675.07428 946.102051 2750.293396 1024.0
P0158 0.56825 3005.760925 970.299377 3050.880188 1007.344299
P0158 0.464874 1936.914322 1753.788132 1985.401993 1805.384995
P0158 0.223672 1918.424377 1164.281006 1948.0 1213.322754
P0158 0.208489 1917.276672 1043.594772 1948.0 1154.132004
P0158 0.128693 434.37738 1780.202057 710.572083 2007.003326
P0158 0.125669 500.225922 435.179474 747.233154 682.398438
P0158 0.125521 1907.194405 1722.556335 2008.551361 1822.709534
P0158 0.104434 1921.89743 1037.795074 1973.170212 1089.25293
P0158 0.060057 2431.072144 628.59729 2472.181396 672.067017
P0158 0.028321 2547.09552 925.0 2898.431091 1083.06926
P0158 0.025566 435.766449 550.720337 471.919708 588.795166
P0158 0.02172 2279.353058 395.61618 2306.321503 445.980072
P0158 0.020636 2420.090363 549.237976 2452.689484 596.135315
P0158 0.015531 2997.156128 929.246216 3094.310425 1024.0
P0158 0.01399 2377.631104 534.449219 2452.601257 689.401489
P0158 0.013515 2409.890381 629.683655 2444.596924 675.638123
P0158 0.013082 2432.656006 594.75769 2468.64856 640.016235
P0158 0.013077 2422.298431 659.872131 2473.287201 698.117249
P0158 0.009733 2131.242279 516.128052 2162.084747 538.445557
P0158 0.008664 2731.485046 973.101624 2792.207825 1012.224548
P0158 0.00812 1882.00293 1117.615784 1922.46167 1157.367279
P0158 0.007846 2173.713745 477.667633 2209.889771 515.824829
P0158 0.007448 440.279205 595.262329 478.393585 626.211426
P0158 0.006992 2252.062469 396.406982 2278.535553 445.96051
P0158 0.006981 2463.053986 623.468567 2499.762665 668.575256
P0158 0.006876 763.406189 523.474121 792.561707 545.460449
P0158 0.006818 487.921082 516.259705 501.367554 563.623718
P0158 0.006671 1973.121643 1717.603638 2008.275024 1753.165649
P0158 0.006655 2409.932495 587.433716 2439.364258 642.518188
P0158 0.006453 750.834045 477.085968 790.240906 504.699493
P0158 0.006284 926.5159 992.838272 1192.523438 1266.517395
P0158 0.006223 1874.890442 1164.993683 1911.650452 1202.012421
P0158 0.005917 2160.820129 507.956543 2201.418579 545.018311
P0158 0.005772 2715.666992 484.880249 2819.544556 574.969482
P0158 0.005209 1954.657928 1045.336052 1999.050949 1088.209045
P0158 0.005084 759.591858 554.594604 794.170349 579.762207
P0139 0.00598 298.894989 224.085373 971.686157 581.363953
P0494 0.032085 1.0 1014.0 132.164963 1240.034164
P0494 0.022935 1947.686752 482.233124 2131.804565 675.383179
P0494 0.020019 1930.47522 490.325287 1948.0 641.609497
P0494 0.014724 732.111511 74.658554 968.472961 361.323242
P0494 0.009392 1.0 1014.0 124.355927 1077.188858
P0494 0.007971 668.412537 1892.666931 1024.0 2037.0
P0494 0.005173 751.414795 136.614105 780.828125 223.309448
P0494 0.005092 642.855835 1632.662964 1024.0 1844.135986
P0260 0.038213 2.766753 693.503418 18.243095 747.811523
P0260 0.007766 38.802864 700.866089 69.149582 738.354492
P0260 0.005697 1.556393 728.243622 15.152611 770.395294
P0052 0.59152 88.438438 1491.389893 201.365234 1602.85022
P0052 0.016477 764.241089 925.0 1010.926025 1117.832214
P0052 0.011714 13.184296 1450.31189 281.422424 1643.840088
P0052 0.007402 838.0 905.413269 985.195633 1024.0
P0023 0.020735 1220.04657 2468.058289 1357.806396 2557.967957
P0023 0.006473 1105.267212 2446.226929 1489.624146 2578.046509
P0884 0.007377 536.801208 644.192993 776.07843 964.353149
P0458 0.036987 715.488464 333.93457 1225.88739 511.737
P0029 0.150972 1199.508881 208.284744 1570.457397 378.227539
P0029 0.044447 1328.856842 139.071045 1653.07959 531.966064
P0029 0.010543 1601.497986 202.477783 1628.39801 243.240295
P0029 0.008106 1600.013733 166.614639 1622.76825 192.012833
P0029 0.007527 1639.508057 249.4888 1669.848755 263.943359
P0029 0.006 1801.175537 1384.0 1948.0 1918.190796
P0879 0.013916 2393.033539 121.622696 2435.064056 156.855637
P0879 0.00879 394.372498 520.242554 517.870972 634.842041
P0879 0.006774 2729.72821 511.884613 2761.101624 556.454041
P0879 0.005849 3196.845337 105.181053 3228.85498 156.471603
P0076 0.125367 277.529144 233.184967 365.00119 320.812714
P0076 0.013175 183.75563 212.278442 452.439148 352.778931
P0124 0.012533 526.499756 1126.127029 762.049683 1396.888367
P0310 0.00656 1006.563904 1452.975891 1021.014832 1525.189636
P0505 0.022095 249.724518 1607.156067 371.712372 1782.287292
P0109 0.292856 447.824585 530.925537 780.610962 947.768311
P0327 0.00618 212.394562 19.16267 313.425262 70.706009
P0223 0.072024 1.569188 394.226624 33.46991 443.986816
P0223 0.023757 1.918049 419.973358 27.129593 481.145538
P0068 0.010267 234.934555 321.897644 268.29364 345.570862
P0883 0.023477 412.014771 141.722351 652.334839 452.47876
P0883 0.022441 131.896454 9.652493 295.614227 99.317871
P0286 0.156 559.604797 657.210693 692.15802 778.116577
P0349 0.005336 2229.393829 3554.256714 2289.744415 3569.0
P0504 0.121854 475.352875 1.0 757.010376 227.901642
P0872 0.028489 295.63089 369.453857 340.431 420.719452
P0872 0.00524 282.154999 348.058655 364.162933 448.059174
P0038 0.020964 793.414185 1400.5047 916.578247 1507.715759
P0038 0.009373 630.074036 3444.595001 674.874939 3499.997559
P0038 0.009113 2012.819641 2214.847931 2341.758972 2462.188782
P0038 0.006681 1664.88324 400.91391 1709.982117 415.723419
P0038 0.006108 675.742188 1357.113617 1020.090576 1551.32019
P0049 0.595428 438.613586 658.562378 707.333191 869.989136
P0049 0.013689 261.517883 925.0 507.325317 1122.334991
P0049 0.007387 731.618874 965.411131 833.814392 1010.278862
P0049 0.005596 505.585815 631.418396 532.836182 648.048157
P0049 0.005296 605.0 1103.087463 699.30687 1332.175964
P0049 0.005201 489.766357 637.188354 524.716125 665.390503
