P0890 0.012138 48.299942 346.118286 386.995178 428.464172
P0890 0.005904 34.9823 412.12851 388.710236 490.523834
P0085 0.043476 967.747765 17.531723 1149.191803 503.414673
P0085 0.022577 1354.288422 1483.0 1561.499023 1991.203491
P0085 0.021807 1479.488159 1908.97467 1670.397827 2440.317688
P0085 0.015555 1592.0 1988.232544 1707.136833 2506.0
P0087 0.016388 2174.774506 969.295532 2262.654327 1024.0
P0087 0.016314 925.0 3877.51741 1127.826599 4113.706421
P0087 0.006236 824.19458 1946.823975 1018.428345 2269.156921
P0083 0.032217 1703.601501 1084.936081 1810.509583 1195.157898
P0082 0.830955 822.689026 895.194763 1004.521057 1014.810486
P0082 0.824022 925.0 886.817871 1250.981201 1016.682983
P0082 0.805015 988.560501 975.735855 1159.031754 1301.370605
P0082 0.769378 824.737244 977.641006 1022.210266 1316.137817
P0082 0.630302 1396.655579 956.691452 1606.065369 1338.371826
P0082 0.54664 1416.23111 944.602112 1604.275391 1023.257996
P0082 0.173965 2813.464493 3472.093689 3012.988663 3688.512024
P0082 0.109654 1201.945679 922.317932 1400.960999 1024.0
P0082 0.056964 3366.109497 3842.52771 3702.544189 4050.315857
P0082 0.048053 1257.19754 941.003479 1338.637054 1013.015564
P0082 0.029159 2776.180847 3563.05896 2867.596985 3737.714966
P0082 0.027035 1364.435577 815.448425 1636.465942 1024.0
P0082 0.022507 3848.498962 2853.637573 3912.182617 2870.432739
P0082 0.019494 955.098389 884.858459 1024.0 1024.0
P0082 0.014957 896.209351 1018.340881 950.545898 1117.956421
P0082 0.012013 2795.96096 3720.614901 2854.689903 3773.095848
P0082 0.010198 1011.651443 903.084961 1124.63887 1012.611694
P0082 0.009667 2340.122864 3146.115356 2736.233704 3461.299072
P0082 0.009575 1449.810303 1593.245117 1776.731201 1940.532715
P0082 0.008994 925.059034 940.198853 970.396088 1006.01001
P0082 0.008563 2673.773071 1420.840393 2863.740112 1882.45636
P0082 0.007615 2773.0 3697.0 3018.083862 3762.272377
P0082 0.007314 841.850281 971.601379 957.16803 1018.401062
P0082 0.005967 2259.219727 3915.889801 2359.130859 4006.692291
P0082 0.00589 1266.615082 980.305359 1412.386749 1016.275208
P0489 0.156236 795.239197 584.946533 907.0 829.0
P0488 0.097176 204.088135 229.627258 345.508484 415.909607
P0488 0.009804 598.991455 147.927383 829.241211 310.67865
P0488 0.009034 523.203186 315.95282 651.719055 498.074524
P0488 0.008609 433.773285 294.175873 574.672791 491.023651
P0488 0.007369 315.721649 249.637329 441.317291 432.753601
P0000 0.071127 2367.588135 4858.678528 2721.735352 5316.738586
P0000 0.020142 939.215919 2784.990112 1047.023567 2870.759888
P0000 0.017848 2863.44223 1849.037094 3111.243683 2129.476257
P0000 0.015237 2818.871078 1115.350174 3068.277527 1486.053406
P0000 0.007497 1.0 5092.726807 436.954041 5327.270752
P0000 0.006213 1538.444397 1404.745453 1680.106628 1948.0
P0002 0.025724 1534.0 1629.332336 2071.12915 1831.189026
P0002 0.023067 1779.943481 1414.712799 1912.464233 1521.100006
P0002 0.012867 1680.721283 1395.086761 2208.532227 1502.491669
P0002 0.008389 1508.186523 1536.751587 1948.0 1664.22168
P0002 0.00778 618.402344 1013.931763 750.622314 1105.263489
P0002 0.006929 1726.604568 1585.944336 2170.217651 1694.282715
P0002 0.005251 512.951477 1063.0 861.675232 1130.592896
P0160 0.220162 3141.635742 2423.558105 3282.003418 2643.74292
P0160 0.027645 2009.858978 1814.007324 2292.019989 1948.0
P0160 0.017241 1011.280167 206.15683 1268.759094 852.08667
P0160 0.007815 2044.891373 464.947998 2245.276978 1024.0
P0160 0.005846 36.326859 1877.953003 320.104675 2370.957703
P0160 0.005732 578.247314 1144.522278 875.921509 1765.807068
P0160 0.005387 2095.370789 925.0 2344.847656 1403.670837
P0248 0.005902 11.323578 677.646484 212.375992 1092.594604
P0008 0.005821 836.317505 410.446289 1143.0 594.317932
P0030 0.194796 675.84845 1395.467537 874.967957 1579.186737
P0030 0.18844 1294.599945 1748.408752 1539.863647 1947.743469
P0030 0.051642 711.298462 1454.584557 1024.0 1661.721405
P0030 0.050203 1954.684235 971.128189 2504.281616 1151.460526
P0030 0.048881 925.0 1383.369492 1289.846985 1667.999756
P0030 0.044068 1062.753387 1634.033447 1300.430145 1948.0
P0030 0.033787 1345.913147 1395.492043 1643.243591 1565.333954
P0030 0.03133 306.635315 1400.815414 764.169617 1641.277161
P0030 0.029041 371.937225 1675.760742 614.000977 1948.0
P0030 0.023732 691.664185 1756.766479 986.992065 1938.439209
P0030 0.014149 1910.838196 932.332302 2390.444702 1045.262268
P0030 0.012334 1985.713379 1383.0 2397.808655 1516.466278
P0030 0.011643 2259.916504 1004.042847 2425.889282 1018.246826
P0030 0.011614 693.36145 1089.571609 1024.0 1199.862213
P0030 0.009078 1948.266418 1905.039978 2515.679443 1935.917786
P0030 0.008455 1371.677612 1113.456329 1613.654907 1645.139526
P0030 0.00734 1330.385284 1891.391724 1570.918213 1944.629517
P0030 0.007251 1162.047485 979.451294 1360.305176 1021.887817
P0030 0.005894 1898.492493 1690.941833 1944.739685 1922.398499
P0030 0.005629 1669.10083 1788.386902 1877.416992 2268.411072
P0030 0.005405 1889.585388 1499.375 2177.142578 1948.0
P0252 0.086593 937.093994 379.30481 1023.547119 514.38562
P0252 0.009122 884.859009 289.709106 1024.0 616.17688
P0252 0.005556 862.658676 1105.765076 953.565063 1258.785583
P0478 0.0841 545.528625 91.0 829.125671 297.086731
P0152 0.02807 362.848297 424.839722 484.058563 525.268921
P0152 0.012473 389.974762 477.168427 454.025726 529.453613
P0152 0.01091 394.77533 375.898682 448.961304 433.796448
P0152 0.008225 262.348999 342.986816 572.464111 518.269104
P0152 0.005767 364.179321 410.305511 419.696228 467.779572
P0151 0.03423 1.0 305.758698 79.644089 450.336029
P0151 0.006242 409.658051 314.157776 584.023682 717.717224
P0317 0.005071 1701.787109 150.912048 1930.075928 638.9729
P0095 0.006215 743.578247 164.0 925.273193 480.276093
P0159 0.046848 238.775558 418.66864 535.720398 752.26825
P0158 0.941193 1735.669983 795.641602 1877.785706 1024.0
P0158 0.931395 1535.052246 764.238464 1691.08374 1024.0
P0158 0.910533 925.0 994.661972 1210.903717 1218.901001
P0158 0.888544 1358.622223 774.566223 1498.188354 1024.0
P0158 0.869298 1527.682129 1211.186401 1666.78479 1438.795105
P0158 0.867456 1161.542953 1653.289902 1333.416687 1895.588196
P0158 0.84526 1307.251984 1194.970825 1517.218811 1425.503723
P0158 0.842794 1718.449036 1214.961517 1859.49176 1441.770752
P0158 0.562089 866.481384 1004.069016 1003.573059 1227.038879
P0158 0.528161 1107.467651 1332.370972 1275.134094 1562.05957
P0158 0.447308 850.91333 803.272888 1013.772217 969.104309
P0158 0.227112 1029.096283 726.086304 1196.809631 993.538818
P0158 0.079582 954.340385 1319.302307 1090.967468 1583.617371
P0158 0.048349 1202.90332 1714.779846 1292.290588 1831.886658
P0158 0.044555 1695.177124 925.0 1924.132324 1161.311646
P0158 0.043009 1853.757202 925.0 1909.535156 1032.699448
P0158 0.04227 1226.514709 928.038239 1611.507812 1091.540375
P0158 0.041815 925.054688 1044.656387 988.369141 1171.094864
P0158 0.036786 2127.069357 1631.422668 2171.055397 1897.258118
P0158 0.034072 961.511463 836.907776 1007.081436 927.697815
P0158 0.03395 982.211304 1378.551208 1011.52832 1529.231384
P0158 0.026347 1075.311768 1335.011993 1129.878632 1559.341064
P0158 0.025406 1381.448761 1239.276062 1447.695679 1377.855225
P0158 0.016934 1095.781952 989.173569 1180.037354 1211.564392
P0158 0.016037 895.93512 822.783447 963.901917 935.979004
P0158 0.01498 1667.564941 925.0 1726.712646 1044.327141
P0158 0.014489 1031.501976 1043.894836 1102.186798 1161.183746
P0158 0.013463 1515.310547 925.0 1709.912964 1153.093933
P0158 0.013421 1379.485352 925.0 1474.014038 1001.673492
P0158 0.012084 1340.97876 963.293091 1504.019836 1024.0
P0158 0.010977 984.551453 1039.512886 1019.435974 1162.769318
P0158 0.01084 1398.975739 815.28479 1455.76709 987.07373
P0158 0.010712 1320.082977 925.0 1743.978882 989.189644
P0158 0.010052 955.968079 1363.739258 991.842346 1494.338318
P0158 0.009894 1082.746017 798.887512 1139.870865 904.614197
P0158 0.009833 903.912048 1260.655365 1024.0 1659.126343
P0158 0.009659 1118.458511 1043.165855 1160.284286 1151.790222
P0158 0.009019 1153.073761 1371.721252 1227.957062 1482.536926
P0158 0.008598 1483.751221 925.591385 1557.374634 1025.498497
P0158 0.007196 1554.284363 928.713659 1666.450867 983.780518
P0158 0.006564 1732.553955 967.827881 1891.762573 1024.0
P0158 0.006366 1583.570251 817.225769 1651.466248 979.379944
P0158 0.006362 932.869168 832.69281 955.610043 927.499207
P0158 0.005919 469.492828 1952.785522 663.745728 2438.281006
P0158 0.00561 1008.162186 1266.507324 1194.743835 1641.455811
P0158 0.005035 1519.183472 932.266277 1874.352905 1025.64151
P0258 0.012178 376.870911 660.594482 628.297913 1063.850098
P0258 0.01117 472.340485 870.98999 772.573853 1075.0
P0254 0.014515 1.0 285.862549 164.683243 700.876404
P0254 0.009597 546.127563 900.173523 847.033813 1313.373657
P0254 0.005095 1601.643311 1.0 1886.385315 442.079773
P0255 0.009331 1068.512146 1045.992126 1301.0 1618.708801
P0255 0.008909 804.296936 464.054535 1024.0 998.359619
P0255 0.007916 865.478149 1370.04718 1024.0 1864.0
P0255 0.006221 1071.001953 120.20517 1301.0 547.093628
P0256 0.008727 292.484627 6.089626 425.192535 126.422058
P0018 0.724902 1242.220398 880.017761 1417.141785 1019.618103
P0018 0.535937 455.897766 847.857056 769.419128 1014.456299
P0018 0.231613 612.304565 916.619064 1019.150635 1168.024414
P0018 0.199586 679.384521 867.519226 1024.0 1006.089539
P0018 0.079761 1225.078979 797.285843 1435.636475 1282.228577
P0018 0.020426 899.874771 985.261505 1285.899048 1183.322876
P0018 0.00894 849.415588 918.354187 901.200867 946.398254
P0018 0.008011 538.845398 931.155182 680.476624 1126.319794
P0018 0.006365 1260.494995 977.481384 1392.352661 1181.726868
P0018 0.00578 940.128845 921.232178 995.973572 990.217285
P0495 0.082308 26.739822 741.064209 178.247406 947.138672
P0495 0.030004 109.683411 765.943909 272.622345 978.971985
P0495 0.021778 108.592033 508.255554 237.545959 668.414978
P0495 0.013311 191.562347 501.030304 356.809235 732.151123
P0495 0.012444 209.56044 58.0 328.619568 175.250046
P0494 0.144705 925.0 1841.458435 1203.032593 2037.0
P0141 0.388953 2572.473999 429.197205 2872.0 782.086975
P0141 0.07152 2773.0 448.06781 3108.783234 688.333069
P0141 0.034759 980.15152 732.021051 1383.261322 792.440697
P0141 0.029528 2699.519592 550.752747 2776.421082 597.250305
P0141 0.012526 2709.076233 578.219421 2767.578796 618.009949
P0141 0.006694 3030.488525 570.428101 3053.129517 586.435913
P0141 0.005247 2452.458862 741.050468 2864.134766 899.491974
P0142 0.005209 199.258469 359.461487 256.909485 468.974976
P0144 0.480112 366.862823 353.176239 494.433319 587.971313
P0144 0.006449 383.477234 423.609802 438.819153 489.015442
P0147 0.363027 763.773132 494.21582 1017.236023 1023.331787
P0147 0.136876 1047.225037 389.695572 1147.70166 507.781616
P0147 0.118961 891.341064 326.260681 1018.982422 438.154419
P0147 0.051209 1032.904541 410.375214 1080.95813 468.340942
P0147 0.035113 1096.746887 412.876953 1188.827698 522.54425
P0147 0.02328 981.139587 376.268372 1035.015015 423.722656
P0147 0.020931 929.975204 347.189873 1250.736755 533.856201
P0147 0.015613 454.416321 479.190216 749.154358 678.955566
P0147 0.005179 865.018433 205.733368 1024.0 552.482788
P0023 0.007711 1862.714539 517.03894 1948.0 1016.69165
P0022 0.027519 2773.0 2599.853394 2901.206146 2872.0
P0022 0.014902 989.583664 4575.955444 1301.171997 4720.0
P0022 0.007694 3579.523438 1401.583801 3796.0 1898.692322
P0022 0.006976 2773.0 1623.809265 3058.10437 1948.0
P0022 0.006373 397.316711 1219.706055 671.237976 1770.932129
P0022 0.00581 2773.0 5826.203003 2995.026367 6258.092651
P0022 0.005457 905.908264 2773.0 1024.0 2979.417969
P0021 0.96957 1892.296616 1753.006531 2403.42572 1948.0
P0021 0.958923 1582.018677 1751.234802 1948.0 1948.0
P0021 0.623775 791.726685 2214.049362 1024.0 2629.741943
P0021 0.41233 1636.505798 2211.0 1914.955627 2320.083511
P0021 0.385146 1463.697083 1917.95726 1847.619202 2123.352051
P0021 0.147602 1984.451431 2211.0 2396.603271 2313.657913
P0021 0.114841 2182.155823 1867.720886 2481.577637 2251.870209
P0021 0.092987 1847.0 2217.103588 2047.808441 2265.581985
P0021 0.084736 1047.71492 1849.0 1466.21875 2069.112091
P0021 0.082846 2137.615173 553.274902 2546.089905 760.946045
P0021 0.07444 404.871277 929.389893 666.372742 1023.913452
P0021 0.073412 2140.963806 925.0 2475.556152 1129.067108
P0021 0.040837 1876.628723 1854.147079 2264.511688 2111.099609
P0021 0.038802 2226.735046 1796.557678 2426.552734 1921.859436
P0021 0.032829 2169.547791 2219.401419 2426.777344 2272.434753
P0021 0.026755 1426.524292 1795.261108 1571.341431 1898.806641
P0021 0.025188 2325.147552 2400.765686 2594.831665 2872.0
P0021 0.023573 387.681702 945.954453 685.823303 1166.807693
P0021 0.023092 1651.895874 2227.363144 1874.765381 2248.272114
P0021 0.02111 2090.661942 497.884705 2574.846619 637.161316
P0021 0.019251 481.472351 2081.813965 747.559631 2828.230225
P0021 0.018324 2433.925354 1944.068359 2644.256287 2334.062378
P0021 0.014347 1765.280151 1924.681664 1936.516602 2125.658051
P0021 0.011633 1847.0 1863.415283 1972.216034 2032.20929
P0021 0.010201 1762.080566 1849.972198 1936.651001 1967.942955
P0021 0.008659 2134.070374 1157.350769 2470.417236 1351.057312
P0021 0.008529 1166.837982 2783.335327 1674.99707 3017.437378
P0021 0.008333 1524.512573 1766.990784 1699.13855 1930.300354
P0021 0.007363 2189.527344 926.926685 2566.025024 992.428513
P0021 0.007023 958.198654 985.71904 1226.998474 1373.727783
P0021 0.006089 1981.682648 2455.786865 2301.830963 2872.0
P0021 0.005967 2109.012817 931.515709 2251.431213 1026.668221
P0021 0.00588 1847.0 2211.0 2066.804901 2536.239075
P0021 0.005831 1715.26825 1298.300568 1948.0 1541.797363
P0021 0.005676 2019.319458 1891.638184 2426.343323 1948.0
P0021 0.005552 594.110962 1049.127335 952.08252 1459.841003
P0021 0.00547 1422.521729 1849.0 1828.206909 1987.141937
P0020 0.011452 2793.014465 1282.438568 2837.120911 1322.890533
P0020 0.005181 3733.235046 3342.52832 3769.340027 3409.83667
P0221 0.010126 764.162048 925.0 985.366638 1254.960632
P0221 0.007761 602.854965 169.563187 897.031616 575.944092
P0221 0.006639 381.0 1750.468689 593.825684 2196.0
P0029 0.802982 1779.087402 1407.090492 1948.0 1570.320465
P0029 0.315616 1823.635437 1024.974731 1948.0 1577.058533
P0029 0.294027 1035.723267 1384.0 1483.507141 1613.002808
P0029 0.269341 1760.927612 1406.593918 1933.313965 1883.448669
P0029 0.164334 2262.437683 931.308231 2744.357727 985.072033
P0029 0.077882 875.741699 744.048218 1024.0 949.509521
P0029 0.059433 927.365295 958.969582 1008.877747 1168.684204
P0029 0.057479 1795.241943 1780.397949 1928.396973 1914.465942
P0029 0.055989 2304.718628 642.477295 2707.88147 1024.0
P0029 0.026684 1736.0 919.662964 2025.331238 1001.502319
P0029 0.024227 902.451355 925.0 1024.0 1438.865356
P0029 0.023066 969.820892 925.0 1325.414642 1168.896515
P0029 0.017728 1738.779663 1419.103256 2170.743134 1635.955399
P0029 0.016346 1208.37738 240.126099 1565.307068 406.084961
P0029 0.015377 410.246674 880.181641 564.165161 990.557373
P0029 0.015239 925.0 648.03894 1352.127747 869.583008
P0029 0.013725 2331.930908 925.0 2672.394531 1141.001511
P0029 0.0134 2113.653229 385.489563 2354.157349 756.813904
P0029 0.008058 985.718536 1384.0 1375.050873 1452.78054
P0029 0.006303 963.550476 1068.598984 1017.758606 1291.183044
P0029 0.005734 2608.434875 1378.245575 2706.548889 1948.0
P0029 0.005579 1748.005065 926.433811 1764.238461 978.99358
P0029 0.005132 2039.823517 1751.422852 2423.221802 1947.582153
P0222 0.052873 555.609089 789.23053 668.909119 892.09668
P0222 0.010095 1046.555237 212.73584 1291.709167 319.09259
P0226 0.00653 399.53064 22.123596 791.431641 190.997879
P0226 0.005037 542.32959 275.125244 762.028687 762.93689
P0339 0.01233 747.201965 734.830505 955.312195 1024.0
P0332 0.008843 917.750305 956.659416 1020.148743 1152.786102
P0334 0.756221 701.396484 683.333244 835.590576 873.664093
P0334 0.742598 838.609802 675.678032 945.298523 885.237732
P0334 0.672958 923.820374 673.08847 986.724426 884.76683
P0334 0.560439 535.01178 682.828484 685.178894 866.001495
P0334 0.479935 961.337597 682.158813 1083.187973 879.473099
P0334 0.461768 822.539368 681.60247 873.2547 881.144104
P0334 0.245986 949.613617 420.516541 995.616188 892.490173
P0334 0.143117 676.661804 683.595245 722.34967 859.944778
P0334 0.129384 788.811157 314.09903 908.973511 915.047241
P0334 0.069501 1005.940186 676.421532 1360.630615 879.053223
P0334 0.051543 217.342194 671.143242 602.28418 873.005737
P0334 0.048439 455.567291 684.930389 546.932861 852.669083
P0334 0.044843 448.914856 364.33313 554.554443 856.843506
P0334 0.034702 1049.318977 433.724121 1177.29306 868.869019
P0334 0.026969 329.176941 698.679909 494.737732 838.201141
P0334 0.019617 1856.246216 679.336227 2125.496307 1155.425659
P0334 0.019213 653.941589 342.286987 742.950867 878.089111
P0334 0.013375 1340.055939 690.774261 1734.573486 915.517426
P0334 0.008563 1574.668701 687.794266 1885.581055 987.708496
P0334 0.007113 2578.802979 1284.225464 2727.615601 1665.41394
P0334 0.00691 2003.103683 864.879013 2298.115662 1361.992737
P0334 0.005382 516.334717 372.368713 712.430664 848.380798
P0334 0.005094 18.93573 473.770355 271.595764 899.102173
P0136 0.005804 2059.990784 1555.0 2458.250977 1839.000183
P0038 0.015128 1690.02356 3879.679443 1939.415405 4312.0
P0038 0.014531 1539.622238 4132.309692 1879.535767 4300.745728
P0038 0.008656 1623.2939 3596.457764 1957.733459 3790.539429
P0038 0.008652 764.435059 25.321793 1009.051758 261.208435
P0038 0.008446 497.367188 3980.428528 815.96814 4281.972961
P0038 0.008081 1435.815979 2061.439514 1706.809509 2617.104126
P0038 0.007799 853.684631 3331.755661 996.254822 3827.960938
P0038 0.007457 1743.465454 2975.01976 1948.0 3395.630859
P0038 0.006699 942.496243 3305.007462 1020.595657 3551.014404
P0038 0.005107 106.906799 4099.452881 490.600647 4312.0
P0232 0.025789 905.311951 1396.402222 1019.219421 1530.037842
P0232 0.021198 726.756958 921.540466 866.447021 1024.0
P0232 0.018972 1236.141479 394.153809 1526.0 839.260986
P0236 0.021149 63.034378 427.0 280.672485 801.662781
P0032 0.006295 1655.297348 679.867172 2061.455505 933.667664
P0032 0.005624 947.511017 966.674286 1190.665192 1516.218994
P0235 0.042265 1447.668182 3.627537 1767.653442 46.421181
P0235 0.006442 1327.520142 381.133636 1450.273071 484.954559
P0124 0.026297 635.266602 1231.539673 912.76001 1424.446655
P0124 0.011953 840.796509 565.439697 1000.745605 730.335693
P0124 0.009251 519.052795 1146.319016 778.971375 1432.767639
P0124 0.006816 852.699219 622.561768 1112.547241 991.184448
P0122 0.052063 548.07225 831.929565 867.155212 1020.569946
P0122 0.043646 550.42543 467.0 796.696411 758.983673
P0122 0.030157 219.554276 467.0 547.512146 688.960327
P0122 0.011248 807.838043 467.208687 1162.079224 672.154205
P0122 0.010032 177.131363 778.734039 478.272644 1227.002563
P0122 0.009134 921.868042 585.54454 1004.090088 857.749695
P0122 0.006851 907.06842 784.675598 1024.0 996.210876
P0122 0.005305 490.417877 940.25415 892.939697 1134.248535
P0041 0.012257 1946.385513 1410.761215 2190.34491 1857.640747
P0041 0.00925 2358.616058 1553.241455 2582.508698 2038.030457
P0041 0.005201 729.099243 562.225525 1024.0 818.64386
P0042 0.016623 737.896973 1888.638367 1024.0 2225.0
P0042 0.006057 1624.685608 1202.0 1897.491028 1731.409546
P0042 0.005816 1265.814331 827.047668 1626.77478 1024.0
P0044 0.31175 718.320496 368.325714 922.082336 491.90213
P0044 0.164916 1192.873413 732.869034 1517.123535 1194.747986
P0044 0.067014 625.0 965.299438 772.280823 1278.513977
P0044 0.019595 796.651794 386.636108 881.759094 457.649902
P0044 0.016417 353.774231 1088.951172 570.519836 1381.846069
P0044 0.014466 661.340515 720.918389 721.411194 738.989059
P0044 0.011316 755.593155 429.66571 868.477524 468.05426
P0044 0.009607 676.159637 258.669189 939.164703 593.347046
P0139 0.134235 644.44989 557.688477 707.210632 621.528931
P0139 0.108291 611.347168 518.271118 729.021729 655.208862
P0139 0.035371 676.231689 571.391235 733.193115 619.545166
P0139 0.012339 676.658936 532.036926 725.97998 592.4599
P0689 0.95896 432.527939 694.998779 783.766174 828.0
P0689 0.04917 353.237122 727.120605 467.38208 823.043335
P0689 0.024185 233.811615 738.982239 362.785675 816.732605
P0689 0.012325 159.379211 698.694458 598.328674 810.977905
P0689 0.006166 681.814941 697.953979 826.338623 808.697144
P0688 0.030491 874.074341 79.415836 977.17627 171.690002
P0218 0.009982 724.715027 632.48407 972.375305 1002.301575
P0218 0.006187 2221.935287 1.0 2522.555786 288.40387
P0455 0.006139 1014.843811 1.0 1142.0 120.459038
P0664 0.052248 93.585953 144.188959 342.125 203.202225
P0664 0.007629 51.623871 141.0 375.196899 366.925232
P0113 0.239375 2131.246887 935.946514 2394.005676 985.000523
P0113 0.157543 1725.682373 931.879192 1948.0 1007.646927
P0113 0.103468 3332.666138 2657.567627 3457.558472 2822.162598
P0113 0.040197 2795.0 477.785889 3244.527893 671.599609
P0113 0.039436 2180.549286 938.1357 2344.979645 960.705383
P0113 0.03197 3717.952881 956.036499 3797.601562 1155.936005
P0113 0.030613 3410.505676 933.679588 3582.551086 1132.083344
P0113 0.029674 1849.0 3813.354187 1962.491081 4044.522766
P0113 0.026483 2088.051865 925.0 2434.972839 1146.948441
P0113 0.024555 3652.1427 1357.574707 3787.28125 1948.0
P0113 0.022556 2395.325439 506.663269 2872.0 717.557312
P0113 0.01677 3410.45343 1953.544289 3522.941101 2176.932312
P0113 0.015284 2815.600952 3794.60144 3128.569427 4132.628296
P0113 0.015166 3596.853516 3131.685013 3752.993286 3322.615143
P0113 0.015029 2773.0 499.697662 2894.194336 647.635437
P0113 0.012431 2137.627411 3445.613464 2235.094635 3538.92865
P0113 0.012054 3319.915833 2320.212067 3495.198669 2834.770264
P0113 0.010508 3706.070374 966.96859 3747.587952 1078.740143
P0113 0.010075 3742.69458 1849.0 3783.568237 1977.578796
P0113 0.009677 3739.431091 973.727371 3781.05011 1076.446671
P0113 0.009435 3796.995667 964.389122 3811.609802 1147.825012
P0113 0.009409 1035.806442 539.233032 1494.441223 684.203491
P0113 0.008794 3557.591675 2773.0 3812.08606 3157.231506
P0113 0.008256 2266.601776 2773.0 2729.305298 2969.387375
P0113 0.007166 3168.480011 3185.696411 3408.473999 3796.0
P0113 0.007101 1849.0 3117.0 2226.333618 3259.078247
P0113 0.007052 3727.411987 245.401169 3790.809814 496.789917
P0113 0.006869 3513.293945 2367.200317 3779.187744 2863.768188
P0113 0.00679 2806.467575 526.085876 2861.32663 617.222229
P0113 0.006584 3773.841858 925.0 3812.563293 1194.282654
P0113 0.006333 2588.746521 2376.294434 2872.0 2773.392822
P0113 0.006124 242.12854 2789.455439 348.030212 2853.264565
P0113 0.005952 1759.955444 948.969263 1940.593628 969.423409
P0113 0.005737 937.090942 1002.513977 1107.047302 1016.179871
P0113 0.005351 332.190552 195.428589 572.125854 1012.21167
P0058 0.022213 840.384399 70.704079 1216.0 214.169189
P0052 0.11115 781.708923 1278.311363 1004.325378 1445.67334
P0052 0.006813 994.546448 1471.525085 1256.879944 1676.321716
P0050 0.008136 985.178291 2101.0 1235.912018 2322.402863
P0050 0.00812 747.195068 1623.892822 1024.0 1925.326538
P0050 0.007834 1635.37146 1917.044174 1903.105713 2142.124451
P0050 0.005938 1543.622971 1519.708496 1807.536621 1948.0
P0050 0.005458 1656.418091 2359.732788 1890.227661 2528.857178
P0054 0.008423 935.338547 1329.50531 1118.923386 1836.524475
P0229 0.018939 356.585159 177.040863 584.286133 498.862091
P0229 0.009774 559.890778 170.757355 755.030975 360.127838
P0229 0.006546 246.0 408.507721 458.353943 714.863495
P0884 0.024347 62.0 67.39827 280.810242 378.328857
P0884 0.007601 239.363693 441.368881 496.738831 725.281067
P0693 0.085026 943.194519 906.081116 1465.0 956.943909
P0693 0.029271 684.417786 915.724609 1016.480774 949.194336
P0693 0.01619 1125.058167 926.478149 1305.275208 944.025635
P0693 0.012149 645.994568 949.521057 1024.0 957.0
P0693 0.00741 946.781433 944.883972 1465.0 957.0
P0066 0.288655 1849.0 2258.0 1975.777367 2333.635376
P0066 0.006212 1895.322632 2261.113701 1944.082886 2317.291649
P0066 0.005707 1947.804672 2264.776887 2024.14183 2289.037327
P0066 0.005192 783.639526 2824.881104 1024.0 2990.628418
P0065 0.320551 952.664917 390.89151 1002.693115 437.046906
P0065 0.034208 935.562317 355.074829 1016.135803 471.582825
P0063 0.03468 1971.500938 2386.097382 2005.558403 2442.31955
P0063 0.005204 1673.582275 1133.876099 1719.755005 1175.642456
P0061 0.032887 1846.373779 278.064697 1925.752319 410.676819
P0061 0.031998 1779.79187 318.329041 1863.695312 410.205566
P0461 0.00544 503.068237 1.0 869.532593 216.642075
P0677 0.013647 206.301025 9.94974 379.386963 39.431297
P0677 0.010209 213.671112 3.95307 727.971802 57.853271
P0677 0.007269 412.200439 16.833401 581.922791 39.2719
P0465 0.007774 299.261322 131.0 509.436249 420.221771
P0260 0.019558 715.091553 770.982361 967.467896 1133.33783
P0119 0.017217 95.956802 843.903687 499.563354 1005.742676
P0119 0.009032 1574.0 1878.123764 1783.463089 2244.534912
P0223 0.005884 132.047806 452.335712 239.920334 564.950302
P0223 0.005017 262.642761 659.645737 553.240723 975.928833
P0900 0.012012 1585.581238 1643.053314 1662.258484 1901.346558
P0900 0.006571 1643.070435 1655.474976 1911.182617 1948.0
P0869 0.005551 219.215744 22.220131 529.417725 263.532349
P0868 0.010976 654.290344 7.827461 1024.0 186.476013
P0868 0.010006 2390.934265 1117.776474 2674.83197 1474.894104
P0868 0.007532 7.727264 1136.827713 201.877899 1617.227417
P0867 0.515011 1932.712616 1997.527893 1997.858643 2041.691467
P0867 0.085337 1915.273354 2010.24646 1967.327103 2048.463623
P0350 0.070623 65.47924 715.487305 251.557281 1125.406982
P0070 0.0167 1.0 343.282867 128.773117 979.389771
P0071 0.038237 834.273254 428.024811 944.265198 934.0
P0883 0.01063 468.905853 242.687347 611.224487 394.498932
P0883 0.00582 394.537369 147.848572 667.21759 495.799255
P0888 0.005796 987.068451 994.775085 1063.422852 1022.644348
P0493 0.005062 1.0 14.770813 217.6539 274.223755
P0878 0.008369 334.353149 1750.525085 425.539185 2017.141174
P0879 0.015871 18.626137 925.0 174.587982 1445.003479
P0879 0.012764 2264.002808 1180.951477 2343.768372 1276.014648
P0879 0.006027 2842.813354 1906.775635 2865.009155 1947.636353
P0879 0.005762 2436.07074 1229.893463 2522.62085 1316.471344
P0870 0.020543 193.508286 1.0 553.989502 209.883545
P0870 0.010522 287.111572 1.0 456.854431 129.542267
P0870 0.006822 220.321716 894.860779 775.083069 1050.501282
P0873 0.011083 1208.335083 2234.887177 1398.843994 2765.434937
P0874 0.006602 517.279312 350.748047 797.546387 563.208557
P0111 0.048219 1196.973145 1255.846497 1639.256409 1480.602112
P0111 0.011677 1863.585266 288.519379 1919.929749 610.852173
P0111 0.005553 952.768433 1282.17334 1024.0 1688.45874
P0111 0.005488 1534.870972 1259.824463 1716.46167 1458.387207
P0346 0.007309 3865.60379 367.764709 4148.519409 1008.849182
P0503 0.218947 461.65152 398.132111 615.435974 578.336517
P0503 0.078635 824.490356 231.227936 980.794189 427.207062
P0503 0.073124 656.139648 419.903244 862.394409 718.417297
P0503 0.068531 471.294861 751.266663 735.928894 942.392639
P0503 0.065182 312.695557 641.984009 502.146851 841.3927
P0503 0.063648 214.340851 606.303101 384.471588 796.455322
P0503 0.034949 567.770813 478.440155 789.714783 630.087738
P0503 0.014604 340.515503 374.304199 474.503967 521.167603
P0503 0.009137 478.188293 67.260941 658.497375 280.548889
P0503 0.005058 701.989075 197.568634 884.569641 375.047882
P0504 0.701235 1442.697784 1.0 1761.994995 102.488953
P0504 0.135648 962.115311 975.419342 1283.870117 1471.005615
P0504 0.085536 1191.364243 1056.223877 1454.720459 1475.160278
P0504 0.005553 1604.003052 517.47699 1856.068359 1059.614929
P0505 0.155877 9.524727 316.401337 66.879448 587.436646
P0505 0.097656 664.943604 399.49649 766.602295 571.842346
P0505 0.014366 249.724518 1607.156067 371.712372 1782.287292
P0505 0.009213 765.904236 428.924805 864.91925 605.261597
P0505 0.007559 505.038971 941.301552 612.119507 1118.156891
P0505 0.007125 549.059448 390.054016 657.285034 559.394104
