P0894 0.023531 68.299515 964.74493 152.154099 988.178055
P0895 0.017414 511.068329 516.488159 540.053894 541.986938
P0895 0.011939 838.543976 842.969482 866.238678 863.318298
P0895 0.008076 827.151123 789.779602 872.766602 823.658447
P0895 0.007753 714.585724 629.612793 747.518646 652.818115
P0895 0.007414 861.196899 801.886597 890.970825 821.841064
P0895 0.007195 1310.739258 1162.736938 1433.512207 1336.627075
P0895 0.006101 720.908752 119.458397 746.808655 145.034805
P0892 0.056332 559.013306 758.129944 588.761475 790.907776
P0892 0.038098 592.855103 744.442078 622.06604 780.822205
P0892 0.028461 595.914551 1429.372162 627.425171 1461.98996
P0892 0.020587 555.114868 708.000793 581.782715 729.090881
P0892 0.017802 506.516357 780.164978 543.64563 824.243469
P0892 0.016334 626.77594 410.540833 663.000183 444.095581
P0892 0.015355 561.02002 790.73938 582.431885 811.324829
P0892 0.009262 591.906738 789.942566 617.499512 810.028625
P0892 0.009105 522.776611 706.311707 548.743286 735.473938
P0892 0.008772 160.399994 324.331696 194.274445 335.211212
P0892 0.008241 320.971375 1054.175827 347.165405 1090.368607
P0892 0.007978 487.168762 797.24054 521.07605 833.963806
P0892 0.00613 126.24514 333.521179 158.456116 347.035156
P0893 0.033116 1141.057312 3262.679077 1176.601624 3274.712219
P0893 0.025687 1055.66806 3262.086884 1089.350494 3273.338531
P0893 0.025458 1103.29071 3269.786469 1142.021179 3284.183289
P0893 0.022382 1183.503479 3256.553802 1215.063049 3268.287323
P0893 0.016776 1223.945618 3251.923859 1255.473694 3268.253143
P0893 0.009709 930.750244 1480.673706 987.00293 1544.780029
P0893 0.0094 909.476868 1479.691406 955.205627 1520.443115
P0893 0.007948 1332.112183 3331.897583 1366.248657 3340.903442
P0893 0.00677 1257.799438 3340.642944 1301.486816 3354.600098
P0893 0.006674 1296.122803 3332.476196 1340.921509 3345.991699
P0893 0.006502 998.361267 1431.050842 1017.818176 1472.479187
P0890 0.043403 1552.710876 973.314552 1575.441467 996.117088
P0890 0.014866 309.075348 2359.430542 339.401337 2391.266602
P0890 0.011899 1567.289734 2178.043304 1613.570374 2217.96048
P0890 0.011363 1562.025024 1723.332214 1593.221069 1753.833801
P0890 0.008228 1153.436127 1424.337372 1187.197388 1474.338623
P0890 0.008153 287.986786 2366.333374 311.819427 2397.059082
P0890 0.00659 1523.738831 1510.045593 1565.323181 1536.954651
P0890 0.006382 194.882828 3294.557251 320.950287 3411.209717
P0085 0.109435 1837.418961 960.069809 2173.808472 1227.294556
P0085 0.107677 456.46936 1258.680695 937.825562 1630.422607
P0085 0.061873 914.0401 1347.961334 949.239685 1399.948761
P0085 0.016705 697.138245 1401.76532 746.80011 1423.918518
P0085 0.010828 902.4953 1401.650848 943.434631 1442.252136
P0085 0.010592 877.409851 1395.22406 908.195007 1442.549744
P0085 0.009904 1592.0 973.889542 1726.952423 1151.782516
P0085 0.007397 2227.133911 1723.310425 2255.73999 1743.694946
P0085 0.006592 666.663147 1398.61319 704.372009 1422.747772
P0085 0.005469 705.833557 1368.208862 739.929016 1396.10437
P0085 0.005417 2379.524475 1726.351074 2409.416809 1755.028687
P0085 0.005394 2259.809265 1729.085602 2296.260559 1751.426788
P0085 0.005224 2261.307129 1766.037659 2295.999634 1790.54187
P0085 0.005048 706.587402 1802.584869 747.905518 1829.37619
P0087 0.247659 3470.762794 1183.78418 3716.261993 1475.434265
P0087 0.07259 929.934559 801.9198 1027.165695 1024.0
P0087 0.070395 863.635071 3601.552856 890.002258 3627.03479
P0087 0.054298 665.881104 941.001099 1024.0 1124.885315
P0087 0.051302 830.977905 2321.25412 875.461548 2368.151794
P0087 0.039087 838.953491 1009.696335 870.301025 1055.089417
P0087 0.034938 848.327026 2307.112335 899.877197 2348.359589
P0087 0.029554 3785.307159 1346.202606 3794.731781 1400.29483
P0087 0.020947 2325.805328 2031.152695 2367.988892 2046.801834
P0087 0.020073 751.451111 1392.415741 771.221619 1418.498932
P0087 0.016919 824.817078 909.308411 848.919983 924.974182
P0087 0.015692 3792.346069 1318.0625 3800.88562 1366.073608
P0087 0.013888 168.595032 1486.197388 188.61557 1504.942017
P0087 0.012189 157.60463 1516.37561 178.700119 1534.473389
P0087 0.011831 2479.183838 2821.259632 2518.240601 2844.123383
P0087 0.011681 3540.242493 3642.760803 3568.465698 3668.963562
P0087 0.011672 835.963013 1043.680397 869.612061 1065.663605
P0087 0.011575 1400.459961 89.798508 1428.609497 109.62326
P0087 0.009836 2523.449951 2800.105652 2550.894653 2822.791687
P0087 0.009818 143.49942 1524.070862 157.991516 1546.413025
P0087 0.008921 1823.327209 4252.495056 1862.091248 4288.208557
P0087 0.008685 2480.313232 2803.885315 2509.299316 2826.616028
P0087 0.008607 4014.622864 1805.935059 4038.858704 1840.251099
P0087 0.007903 656.623474 818.101074 1024.0 1024.0
P0087 0.007723 2518.993286 2817.602825 2560.202759 2843.68364
P0087 0.00708 1359.934906 85.60598 1389.182526 101.658073
P0087 0.006758 2331.758606 1983.933121 2352.30481 2001.077011
P0087 0.006391 3662.867966 1341.295532 3689.014496 1395.335388
P0087 0.006193 3692.428833 1311.563416 3713.619019 1361.605957
P0087 0.005843 2244.442291 4667.204773 2274.599579 4691.867615
P0087 0.005466 3853.860596 4363.24115 3875.889526 4385.957214
P0087 0.005414 3778.886383 1389.574677 3791.939667 1441.098755
P0087 0.005342 1312.295807 92.858047 1345.193207 109.684845
P0087 0.005335 3575.66655 3643.919067 3603.266708 3672.123413
P0898 0.077426 1410.50235 3127.39679 1451.580933 3151.024292
P0898 0.066643 267.648407 3694.950928 322.054596 3716.829102
P0898 0.030439 784.068848 1134.933609 806.678589 1154.529739
P0898 0.022898 708.753113 1123.086029 725.981873 1153.135956
P0898 0.016416 1838.588554 1093.251495 1868.71405 1127.91156
P0898 0.015992 2634.597595 2177.888123 2660.836853 2200.123169
P0898 0.012885 2329.344666 1764.57251 2431.656189 1864.058105
P0898 0.011695 786.213135 1082.851593 806.7948 1099.689911
P0898 0.008131 1355.526978 184.316666 1379.476379 203.615341
P0898 0.007713 781.63446 1166.009583 807.467834 1186.784149
P0898 0.007104 440.751312 477.369537 519.185242 508.003937
P0898 0.006911 773.322021 1143.014023 791.731934 1162.888321
P0898 0.006303 794.448303 608.004333 852.389832 632.088928
P0898 0.005834 704.820374 1102.347504 727.093811 1127.151672
P0898 0.005645 2329.177856 1898.980103 2405.260376 1948.0
P0082 0.107139 210.725555 4208.192062 309.670319 4305.769073
P0082 0.038067 3366.109497 3842.52771 3702.544189 4050.315857
P0082 0.025887 4001.92157 3406.608459 4063.329163 3460.062927
P0082 0.020283 4518.218994 4812.260864 4559.109375 4850.957397
P0082 0.017517 2974.83136 1166.910278 3013.829651 1208.757019
P0082 0.017445 4481.404419 4809.49292 4518.798462 4848.83667
P0082 0.01633 4482.975159 4777.734741 4520.419373 4808.586182
P0082 0.015385 2284.212769 792.848145 2310.268127 812.795654
P0082 0.013412 4809.69162 4860.369446 4865.577362 4885.680481
P0082 0.012857 4865.232635 4545.736389 4897.459991 4573.20575
P0082 0.012152 1092.324875 161.459641 1116.564072 191.762344
P0082 0.011801 4521.297058 4775.151978 4559.444519 4812.174316
P0082 0.011491 4863.00293 4575.738098 4897.973999 4596.616272
P0082 0.011329 4866.614929 4589.566528 4898.674683 4613.027222
P0082 0.011179 4819.565216 4547.327209 4859.709747 4573.056702
P0082 0.011051 1547.318176 4290.72467 1587.590637 4324.46228
P0082 0.010272 4944.186981 4739.779297 4974.101532 4768.744751
P0082 0.009976 4782.169617 4569.789551 4819.723633 4597.153564
P0082 0.009595 2704.41095 869.869507 2754.880676 901.16687
P0082 0.009522 4852.003632 4866.671997 4896.964874 4887.570801
P0082 0.009209 2244.830475 802.540649 2271.94809 818.22876
P0082 0.009139 4742.024811 4564.154907 4787.159637 4601.776611
P0082 0.008799 4865.898804 4742.905029 4889.104675 4766.115356
P0082 0.008621 4782.109924 4529.116943 4822.277893 4561.440308
P0082 0.008469 4431.182434 2646.397949 4573.496643 2799.779907
P0082 0.008372 4872.970886 645.846619 5027.959717 735.94635
P0082 0.008196 5056.90509 4460.576477 5095.827454 4483.33551
P0082 0.008105 4487.321594 4748.222351 4514.658264 4770.044128
P0082 0.007883 4704.802734 4615.016907 4737.082794 4659.753235
P0082 0.007806 4820.431824 4508.758423 4855.074768 4536.015259
P0082 0.007798 2259.219727 3915.889801 2359.130859 4006.692291
P0082 0.007244 4819.178131 4488.990234 4852.86673 4512.745483
P0082 0.007232 4946.157776 4484.963379 4975.088867 4520.888916
P0082 0.00718 1096.284988 198.063416 1111.119675 234.126007
P0082 0.007168 3930.509583 871.210327 3968.608032 915.440918
P0082 0.007057 4908.843994 4704.875122 4936.350708 4724.189819
P0082 0.006542 4448.638062 4813.034363 4479.224976 4856.830017
P0082 0.006499 4418.112244 2609.608337 4445.763977 2641.723694
P0082 0.006493 4738.630768 4529.027832 4779.188629 4564.525391
P0082 0.006374 4901.575134 4585.511963 4933.838989 4614.199707
P0082 0.006362 4483.935303 4844.061279 4515.597656 4882.236816
P0082 0.006144 4743.899597 4605.476074 4785.789856 4640.996582
P0082 0.006013 4777.521851 4812.104126 4909.146484 4933.338135
P0082 0.005967 4778.27475 4605.779846 4817.872772 4640.474915
P0082 0.005906 4899.445862 4865.230286 4934.217957 4885.639343
P0082 0.005881 4819.093079 4577.614075 4854.865295 4594.628235
P0082 0.005769 4937.314606 4864.338928 4971.934174 4886.254089
P0082 0.005695 4821.352692 4535.356384 4859.68869 4555.116028
P0082 0.00568 4904.184967 4465.985535 4935.416046 4498.550476
P0082 0.005635 4446.335327 4779.302673 4473.720825 4813.227478
P0082 0.005536 4901.764771 4546.213257 4935.632996 4576.082886
P0082 0.005507 4819.666718 4608.470947 4854.693268 4638.776978
P0082 0.005451 4869.061493 4467.52655 4895.840729 4495.110413
P0082 0.005376 1045.306587 156.28476 1074.370148 191.920135
P0082 0.005175 4641.496994 4481.492004 5034.9021 4629.760681
P0082 0.005152 4863.855469 4509.580536 4902.034729 4534.365753
P0082 0.005103 4946.877441 4702.488464 4971.809448 4721.122742
P0082 0.005073 4877.339691 1016.207214 4968.558807 1022.521423
P0082 0.005073 3043.730072 1170.327484 3076.583649 1210.986359
P0489 0.005968 566.78479 801.747925 604.875366 824.60437
P0488 0.00917 380.772949 88.090187 428.036133 108.612801
P0001 0.014518 602.299561 630.95813 635.771851 662.484619
P0001 0.013927 236.496323 1632.589478 263.954956 1652.298096
P0001 0.012221 592.607971 1554.488647 624.878845 1581.690918
P0001 0.010649 632.545471 1554.726929 660.95636 1591.670288
P0000 0.19084 259.809296 1605.960876 308.001617 1655.491516
P0000 0.059976 1000.422241 2229.409668 1023.30188 2284.426331
P0000 0.034182 1849.0 3662.872131 1919.638329 3796.0
P0000 0.027141 920.913452 2298.193909 1024.0 2565.814392
P0000 0.019532 2852.0 3704.454849 2976.749931 3786.60878
P0000 0.01688 411.275482 400.516571 426.190948 411.774017
P0000 0.016486 940.872047 1454.127075 952.945393 1465.059326
P0000 0.01334 654.618652 2536.967529 718.859619 2607.895874
P0000 0.012705 953.689011 37.211391 996.188263 70.151306
P0000 0.011297 555.325989 2547.627625 667.441833 2668.680847
P0000 0.010158 1898.460968 2242.827545 1925.173256 2276.901398
P0000 0.008172 1866.563416 2848.944107 1901.332581 2900.319809
P0000 0.007218 3092.869812 4593.847 3119.252563 4638.330765
P0000 0.006978 1012.791077 1473.458313 1034.983826 1497.208923
P0000 0.006866 437.960297 401.527954 454.166779 417.480835
P0000 0.006511 971.083977 1451.180237 986.618698 1468.895813
P0000 0.006321 3515.023132 1879.264309 3545.34613 1911.019901
P0000 0.005779 3055.082336 4485.45374 3153.19635 4499.666161
P0000 0.005581 1744.484497 3401.322205 1796.778076 3459.488831
P0000 0.005499 1791.236084 3440.154602 1842.452881 3488.621277
P0000 0.00509 1935.188484 2283.790009 1965.512535 2324.606476
P0160 0.226714 421.663452 148.990845 468.430176 195.139862
P0160 0.136514 461.747864 104.771233 503.775452 142.857452
P0160 0.119034 3070.09314 116.258018 3109.916504 140.033493
P0160 0.071488 3099.621948 122.960701 3137.50647 143.740021
P0160 0.056599 2718.826385 785.623596 2818.103607 921.602234
P0160 0.053456 3026.849182 101.765663 3075.031921 129.559326
P0160 0.051005 3016.824097 1558.65979 3060.53418 1596.672729
P0160 0.050865 502.6604 48.089737 547.625 89.631683
P0160 0.029351 3136.398682 1463.152283 3180.722412 1515.038635
P0160 0.015198 3063.039429 101.440498 3103.04126 127.630577
P0160 0.014913 2998.390625 1236.101501 3096.263062 1335.792053
P0160 0.012629 1654.270386 235.69223 1835.225586 439.876434
P0160 0.010864 443.867432 115.105652 480.089966 148.415771
P0160 0.008536 405.322388 165.192368 433.79425 196.862381
P0160 0.007931 2769.18573 2066.300201 2805.454163 2102.10025
P0160 0.007903 1242.569122 2413.660278 1285.233612 2450.166382
P0160 0.00653 3033.576172 188.065796 3074.117432 225.807373
P0160 0.005433 1404.661926 474.538452 1439.93158 516.486023
P0160 0.005214 1407.125031 2270.145752 1433.355988 2299.445923
P0119 0.277818 1413.611694 1741.637024 1448.606506 1783.444519
P0119 0.020558 1934.040802 918.329346 1982.420013 943.790283
P0119 0.010375 755.910645 1752.311401 798.940918 1792.254517
P0119 0.008938 1133.815903 2837.079834 1229.295349 2856.662598
P0119 0.007611 1010.589134 1282.362915 1040.306526 1308.622437
P0119 0.00748 2010.343292 914.678162 2038.180756 945.832458
P0119 0.006919 1963.737762 916.448547 2002.335907 946.63031
P0119 0.006714 1031.265167 2841.815186 1097.708191 2858.26709
P0119 0.006703 1937.473511 947.577698 1971.097229 976.455261
P0119 0.005951 1359.931763 169.213654 1389.733948 196.942963
P0119 0.005272 1972.495361 940.981201 1998.882141 980.817505
P0119 0.005077 1066.916534 2841.441162 1140.619446 2858.914429
P0119 0.005029 1212.594666 2834.975525 1308.158569 2855.922668
P0487 0.030869 1117.077515 379.890381 1122.0 452.999878
P0477 0.0136 32.843365 575.88559 65.813095 611.262238
P0018 0.005104 188.484436 510.916382 239.244843 536.160767
P0098 0.050689 511.725342 632.963379 543.955078 660.076294
P0098 0.044341 544.385498 647.953003 568.269287 666.29834
P0098 0.040531 537.275208 761.237549 573.406189 788.298828
P0098 0.037014 552.996765 685.062439 573.578308 704.676941
P0098 0.024306 512.333618 758.268433 548.146606 784.857788
P0098 0.020686 509.580475 606.533936 538.106873 627.811829
P0098 0.015326 433.531891 754.048767 465.101227 783.250549
P0098 0.014449 545.266296 719.130005 565.303528 732.887695
P0098 0.01342 583.738586 686.445068 601.681702 705.352295
P0098 0.01202 459.958893 758.118896 492.764435 780.832764
P0098 0.010169 424.328033 729.980652 452.495758 756.563782
P0098 0.010039 586.835876 403.659027 606.312439 422.632721
P0098 0.009312 588.865051 727.769226 605.091003 743.104065
P0098 0.009099 561.824646 408.803619 577.79718 427.568878
P0098 0.007424 546.383789 602.402527 568.20813 624.671692
P0098 0.006334 471.17804 672.323975 497.390015 694.376709
P0098 0.005878 530.281067 795.090027 588.399719 823.475281
P0098 0.005704 418.364319 544.750671 708.424988 841.351013
P0098 0.005616 629.962769 721.486328 639.880981 743.693726
P0098 0.005555 588.413147 646.584717 605.737732 667.200317
P0098 0.00548 684.61969 707.87738 693.72113 751.761047
P0098 0.005173 420.766998 602.974426 451.084137 629.353394
P0099 0.044592 758.589905 696.363434 786.061218 720.2435
P0099 0.023363 687.885254 665.776611 716.679321 717.020874
P0099 0.020802 687.912048 704.806885 714.841614 749.98999
P0099 0.009744 669.463562 735.0112 701.900574 770.281647
P0096 0.038361 234.433578 333.014679 256.948303 361.251282
P0096 0.026187 380.893402 293.13887 420.79007 320.16124
P0096 0.020512 377.536133 681.89325 427.487854 703.392883
P0096 0.020184 310.316315 628.201294 341.196564 667.416748
P0096 0.019615 238.702927 358.995514 258.564667 383.116669
P0096 0.017358 315.952087 667.25708 348.395874 692.377075
P0096 0.013227 226.380722 488.301025 501.046143 731.13739
P0096 0.012434 316.691925 291.844482 348.171112 316.733215
P0096 0.011259 377.783325 253.682541 420.965393 267.883301
P0096 0.011244 306.616119 591.243042 326.848114 631.417114
P0096 0.011089 500.254059 554.282837 524.508484 591.769043
P0096 0.010707 426.415588 292.752472 453.191467 315.20993
P0096 0.010031 269.378143 337.387878 286.498932 361.055542
P0096 0.010022 464.089508 628.138184 498.046844 659.348022
P0096 0.009926 348.424255 677.087891 390.60376 696.994873
P0096 0.009594 423.595551 672.912537 460.162811 700.659973
P0096 0.009522 472.084534 599.836365 500.770691 625.265198
P0096 0.008666 429.379364 644.715332 462.429901 666.632202
P0096 0.007373 436.864563 601.243958 456.245911 621.264832
P0096 0.006905 349.640411 641.305664 376.952545 661.26416
P0096 0.006294 785.206909 563.992737 807.095093 592.86908
P0096 0.00595 383.861511 559.966675 403.869446 581.882324
P0096 0.005877 479.013428 561.94696 502.596191 586.157166
P0096 0.005441 785.835327 519.147522 804.711914 546.132019
P0094 0.107441 353.688232 368.918961 721.288208 719.969421
P0094 0.049595 528.683533 520.113281 560.31488 555.568481
P0094 0.016739 476.131134 489.631714 494.924164 519.490784
P0094 0.013441 544.464966 550.561096 581.164795 584.176453
P0094 0.011791 428.698212 636.574768 459.0112 659.755188
P0094 0.010958 949.404419 448.629471 980.874146 468.022186
P0094 0.010138 401.1987 595.521545 422.373016 621.09198
P0094 0.010046 629.237335 774.788025 656.04483 799.947205
P0094 0.008806 596.42749 779.704407 623.430786 800.763733
P0094 0.008456 370.555038 485.131256 383.810074 513.010254
P0094 0.007913 530.534363 456.291656 544.724121 476.823456
P0094 0.007288 482.954559 602.667511 504.861115 629.865021
P0094 0.00708 371.363571 556.175903 381.853683 589.036987
P0094 0.006953 366.70047 398.204376 468.630524 662.858032
P0094 0.006904 404.840057 630.632385 426.424713 663.828308
P0094 0.006752 369.552643 518.631409 381.737762 549.217346
P0094 0.006234 551.828552 601.021729 581.033264 625.638672
P0094 0.006104 437.176636 569.611053 453.74762 596.249847
P0094 0.00607 545.044922 532.344879 566.494751 563.588715
P0094 0.00605 679.367615 759.72821 702.788757 793.200867
P0094 0.005944 470.330261 549.514343 489.198975 570.893738
P0094 0.005765 526.242584 444.678619 542.746307 467.41214
P0094 0.005649 365.157135 561.239868 377.8414 602.049133
P0094 0.005589 515.253723 650.684052 541.297913 676.510956
P0094 0.00538 445.83197 551.648804 460.243591 580.539795
P0094 0.005206 630.72406 272.654755 647.9245 297.469513
P0094 0.005156 600.139465 283.43161 623.649231 300.79483
P0094 0.00513 595.2229 529.254517 607.884277 569.166809
P0094 0.005023 477.269501 650.299164 501.443939 674.627045
P0095 0.032319 301.774719 501.660553 325.090149 541.077026
P0095 0.021521 306.592896 440.766724 350.504944 465.225281
P0095 0.017733 375.056091 532.625732 684.542664 755.977722
P0095 0.014717 862.302063 711.098877 894.894958 753.934204
P0095 0.013914 274.736572 562.521973 297.457825 589.382202
P0095 0.013182 530.762085 592.075043 573.704346 625.654999
P0095 0.007831 302.231995 490.835602 339.145996 509.329437
P0095 0.006183 685.334167 586.56311 695.302063 634.189331
P0095 0.005647 347.739105 414.403214 383.186737 448.619934
P0095 0.00564 343.637451 434.564423 375.075623 458.871674
P0310 0.00743 125.151291 1178.500839 162.181412 1212.598816
P0159 0.014227 330.089813 860.064575 354.587494 869.364258
P0159 0.006784 450.360016 109.024078 481.061493 133.29747
P0159 0.005356 581.970093 389.344513 644.541138 661.90625
P0158 0.092115 471.903778 251.83432 501.190643 274.310944
P0158 0.05641 2127.877747 504.565491 2422.396606 727.456238
P0158 0.037087 448.855408 241.985962 473.714539 263.680328
P0158 0.030209 1628.286011 706.981689 1663.513062 738.245728
P0158 0.027039 1788.989075 765.979492 1827.09491 792.474731
P0158 0.025965 1758.338806 769.917664 1805.081726 797.754944
P0158 0.022973 1251.927521 1153.11235 1286.313629 1197.506195
P0158 0.021299 2850.100647 424.029083 2872.0 494.928619
P0158 0.016779 2563.508728 483.468842 2595.614441 505.709747
P0158 0.016283 1591.87085 724.858154 1624.504639 751.211304
P0158 0.01615 2605.417969 482.131531 2635.236938 511.192627
P0158 0.015007 1633.979797 676.908447 1672.655579 689.514648
P0158 0.01306 445.154633 444.742157 479.461945 456.258942
P0158 0.012664 1400.055878 2312.4021 1431.229279 2338.149902
P0158 0.012378 2826.345398 361.570068 2872.0 547.141235
P0158 0.011736 1576.516052 747.456787 1642.575867 778.065186
P0158 0.008553 401.989532 441.474396 433.841766 454.461884
P0158 0.008268 1362.01297 2315.58313 1393.492889 2340.161743
P0158 0.008262 402.247803 480.36908 438.809753 499.796631
P0158 0.006477 478.375458 277.593567 500.816193 295.24646
P0158 0.00625 2581.327667 559.220337 2631.561951 577.253662
P0158 0.006183 356.469818 1872.741791 381.299835 1909.296356
P0158 0.005958 1930.862854 1722.29364 1948.0 1824.429504
P0158 0.005634 2562.852844 522.931946 2592.106262 546.549377
P0158 0.005605 421.529205 198.464859 439.869598 238.194809
P0158 0.005296 1597.039551 675.868591 1627.210327 685.106628
P0158 0.005289 829.256104 1986.212158 865.640137 2029.355164
P0158 0.005172 500.225922 435.179474 747.233154 682.398438
P0012 0.021119 2472.30188 361.690186 2504.419434 388.038879
P0012 0.019969 2601.473755 166.942276 2631.246826 190.344193
P0012 0.01704 2503.014465 288.781281 2539.558899 318.070038
P0012 0.012645 2567.481934 210.429901 2594.706909 232.278656
P0012 0.012643 2561.89624 171.277054 2593.77478 194.127945
P0012 0.011039 2499.502319 320.621246 2535.672607 347.912567
P0012 0.010343 2618.384033 163.668152 2649.555298 186.835632
P0012 0.009748 2546.121277 211.24379 2575.562561 231.264969
P0012 0.008785 2581.74823 212.917099 2611.129333 234.934494
P0012 0.007273 2474.365479 325.119476 2509.706787 351.853485
P0012 0.007256 2522.129028 248.098007 2557.536255 271.315826
P0012 0.006897 2556.6521 322.785248 2589.173462 344.19809
P0012 0.006509 2706.640381 132.480957 2738.213013 148.516602
P0012 0.006482 2556.962646 249.208862 2590.164551 272.155212
P0012 0.005982 2661.779358 128.192871 2694.318542 145.364197
P0012 0.005851 2638.63501 322.797668 2666.558228 345.414368
P0012 0.005662 2600.802429 130.015762 2630.9422 153.464584
P0012 0.005652 2623.33844 129.558929 2656.644226 151.032104
P0012 0.005601 2518.750916 364.893372 2550.339661 388.125854
P0012 0.005589 2537.297546 287.097443 2570.174622 307.161407
P0012 0.005098 2678.688843 170.691956 2713.351929 190.281738
P0083 0.051301 2773.0 3864.653748 2970.055542 3987.005676
P0083 0.037938 1826.547424 2932.75029 1934.250549 3031.07251
P0083 0.034613 644.293579 782.174194 679.411499 810.471069
P0083 0.028909 4477.989395 4106.008667 4515.63884 4144.201782
P0083 0.02289 4508.93988 2000.892899 4566.672791 2037.191391
P0083 0.012714 973.923004 2191.763245 1058.874268 2344.424255
P0083 0.010294 1699.971497 3607.699829 1742.288757 3641.692017
P0083 0.009166 1201.68689 3464.858914 1238.603882 3484.553207
P0083 0.00896 4378.927551 1849.0 4701.30426 2057.057907
P0083 0.00873 1291.117249 3645.949585 1325.244751 3682.747437
P0083 0.007166 1863.179136 3025.956055 1882.63485 3046.955322
P0083 0.007144 3048.450226 4137.03656 3092.516449 4170.229309
P0083 0.00695 2287.001129 3702.290405 2323.248322 3735.707581
P0083 0.00655 923.375549 3612.102234 1020.769836 3776.908264
P0083 0.006546 3015.052429 3878.457031 3058.895386 3898.517578
P0083 0.006479 4519.970825 1987.332947 4563.828125 2010.394073
P0083 0.006281 1823.884644 3142.879852 1869.213257 3169.400726
P0083 0.006257 739.168335 754.41394 767.941284 784.190063
P0083 0.006123 3951.767426 2945.444077 4060.318451 3033.058197
P0083 0.005806 1968.651894 1675.306763 2004.150711 1711.019531
P0083 0.005647 584.131226 1470.072266 620.237061 1493.752441
P0083 0.005306 2058.505371 1638.484558 2087.969666 1668.651062
P0083 0.005249 860.25415 618.92157 901.290894 668.632629
P0083 0.0051 3091.794525 4104.122498 3124.648773 4131.869568
P0010 0.027076 674.121094 1679.050415 710.596313 1691.560059
P0010 0.00728 637.047668 1678.430359 667.615051 1689.767639
P0010 0.006265 1613.192993 1250.220673 1644.025635 1273.309662
P0010 0.006066 1529.217224 1251.540527 1566.627747 1266.172302
P0011 0.005029 994.364258 645.490967 1024.0 683.68811
P0254 0.005821 1475.158813 1905.937134 1496.167847 1912.667603
P0255 0.010432 446.940552 887.682373 475.886169 912.950684
P0255 0.005842 394.20752 877.266052 435.892395 904.028625
P0899 0.02752 318.586273 404.972351 348.10672 429.48407
P0899 0.02172 600.438477 526.197327 633.529297 544.017517
P0899 0.018914 748.232849 11.242926 785.209167 28.729673
P0899 0.016555 591.659851 1496.06488 633.71991 1525.089905
P0899 0.014408 795.668274 1495.620789 822.784363 1525.067932
P0899 0.010615 1693.775513 1915.494141 1721.994873 1923.0
P0899 0.010531 519.722656 321.951263 548.436646 349.46347
P0899 0.009046 472.837982 319.753326 500.371429 342.670502
P0899 0.008873 1285.243164 1533.618896 1313.70697 1556.091431
P0899 0.00794 361.390747 400.578827 392.434204 426.441803
P0899 0.007419 558.177856 277.083801 585.541138 302.08783
P0899 0.006829 399.757111 360.048218 427.157379 386.545471
P0899 0.00669 595.460449 466.463715 623.115967 498.46933
P0899 0.006625 816.236084 95.299347 856.422363 120.637024
P0899 0.005304 597.15155 283.03476 628.382874 308.72641
P0494 0.386168 925.104755 108.49025 981.046524 328.470398
P0494 0.116821 757.590271 73.675903 997.217712 367.946777
P0494 0.066604 2001.260345 1676.042847 2040.168121 1708.598633
P0494 0.011905 2020.846405 1683.817993 2058.079681 1709.914185
P0494 0.009496 2352.324768 1736.344177 2439.074158 1864.378723
P0140 0.023602 683.753052 786.528564 716.409332 816.336548
P0140 0.010349 706.412109 779.374939 746.213135 799.628967
P0140 0.009392 634.456665 1034.494629 669.695923 1046.300781
P0141 0.209195 3772.730988 1656.466003 3807.189301 1707.409485
P0141 0.205495 3771.906555 1600.855042 3817.218506 1651.673401
P0141 0.175808 3772.700897 1547.315613 3817.614746 1582.71759
P0141 0.106927 3534.556763 1474.193542 3762.559082 1727.173401
P0141 0.094898 1016.467896 637.870605 1024.0 798.343506
P0141 0.062893 3936.815857 1373.424683 3968.624451 1390.136108
P0141 0.046009 3778.346375 1320.506165 3791.434753 1446.914246
P0141 0.039005 3764.802704 1524.77771 3809.299164 1552.971558
P0141 0.037416 3929.597473 1395.792786 3970.661072 1410.410095
P0141 0.020192 3370.57373 1276.647278 3392.383789 1295.653625
P0141 0.017687 3718.408569 1364.532227 3747.03894 1415.018799
P0141 0.010464 3823.803406 1674.780823 3853.106262 1701.120667
P0141 0.01001 2251.733398 676.071533 2281.541565 721.249878
P0141 0.009815 147.381714 1453.129517 193.961365 1481.964722
P0141 0.008896 3935.917786 1343.889282 3966.168762 1357.630981
P0141 0.008791 1790.840881 198.638077 1818.547913 231.176498
P0141 0.008667 3982.478149 1401.361877 4007.776978 1412.207092
P0141 0.008439 3983.431824 1376.711853 4010.478455 1393.297791
P0141 0.008116 3706.742889 1048.514221 3726.808441 1065.91748
P0141 0.008029 3703.084198 1013.446503 3719.412811 1036.172211
P0141 0.007969 2166.017334 130.222488 2185.26239 143.995255
P0141 0.007197 3706.103363 1365.391907 3730.303314 1417.348328
P0141 0.00716 1758.730774 191.208786 1785.409973 234.142593
P0141 0.007024 1754.762634 126.14547 1780.71344 148.631882
P0141 0.006994 3685.221191 1012.464203 3702.089355 1038.216461
P0141 0.006874 3854.009705 1602.921753 3890.558411 1638.321899
P0141 0.006658 2111.992523 634.727295 2164.572052 667.009521
P0141 0.006566 3542.003204 1475.596619 3577.357849 1518.252136
P0141 0.006324 3735.900085 1486.034119 3784.520508 1510.705017
P0141 0.0063 3895.933105 1561.632874 3938.584839 1592.12738
P0141 0.006113 3047.609558 866.205566 3071.882202 900.275146
P0141 0.005982 3627.03595 1463.400024 3665.428894 1478.275269
P0141 0.005964 3620.950073 1455.150879 3646.237183 1472.504272
P0141 0.005785 231.911804 1174.255066 266.19931 1207.54657
P0141 0.005713 2174.820587 89.877289 2192.889069 102.628418
P0141 0.005511 3747.390869 1517.152649 3791.340576 1540.75885
P0141 0.005468 3830.609619 1603.139465 3855.866455 1634.110535
P0141 0.005285 3733.521423 1664.701111 3760.511169 1706.475281
P0142 0.008124 585.168213 463.065094 605.794434 477.413361
P0147 0.034639 710.679016 116.346756 757.068909 151.301895
P0147 0.016499 744.122803 34.626446 803.725952 74.367416
P0147 0.012158 685.855135 1104.475891 697.049805 1131.712219
P0147 0.009627 1352.207397 936.44104 1395.250977 969.950806
P0147 0.009244 596.063049 68.039894 636.993347 106.04705
P0147 0.008837 685.290221 563.252136 699.216221 639.704163
P0147 0.007725 747.020996 124.361671 783.13147 156.403412
P0147 0.006212 271.198608 530.879669 313.832214 562.67514
P0147 0.006025 693.102111 436.245361 717.103531 462.836426
P0147 0.005403 1543.892578 657.363892 1571.725952 676.694824
P0149 0.015898 447.347717 134.177521 474.23114 154.838806
P0149 0.007085 462.59314 616.455811 488.385681 631.799683
P0149 0.006822 426.772125 603.83136 451.771881 629.73407
P0149 0.005278 483.614258 615.271973 512.348755 632.605103
P0149 0.005057 517.771057 616.695557 543.829285 630.416748
P0023 0.761292 2103.276367 1128.139862 2141.905762 1169.638336
P0023 0.706519 2100.347168 1080.041672 2140.697266 1121.263046
P0023 0.691189 2053.092346 1124.48912 2095.518494 1163.321884
P0023 0.668135 2059.078857 1088.940247 2101.905518 1128.525146
P0023 0.128209 2025.452271 1094.174057 2048.745117 1123.837631
P0023 0.089775 1394.372606 1599.816162 1435.691589 1659.450073
P0023 0.064533 2027.956787 1133.31572 2044.556763 1159.739609
P0023 0.035864 2105.729736 1155.6091 2137.032471 1185.247803
P0023 0.021511 2109.03125 1041.128983 2136.495239 1056.710312
P0023 0.012196 64.14904 5095.350891 143.709473 5109.989075
P0023 0.009923 2036.151184 1202.361755 2054.735779 1229.178772
P0023 0.009355 2059.760132 1157.351105 2093.128418 1180.799988
P0023 0.007293 1752.706299 3213.498138 1778.997314 3241.841583
P0023 0.006928 2189.453552 1090.834671 2207.532043 1107.910294
P0023 0.00581 1713.142334 3215.362793 1741.521484 3236.706238
P0023 0.005528 1999.335999 1163.16301 2013.16864 1207.975769
P0023 0.005302 7.90473 5089.882935 31.204103 5111.432739
P0022 0.190392 369.472992 3723.691864 439.532562 3777.347145
P0022 0.101924 430.766022 3786.465736 499.271698 3836.703918
P0022 0.075824 304.453369 3706.445536 358.386475 3729.545753
P0022 0.017316 2440.17926 2171.005371 2473.455383 2203.393738
P0022 0.012099 119.011559 2676.41449 147.498856 2713.343445
P0022 0.007871 422.236023 3700.725542 459.382202 3714.021576
P0022 0.007292 277.138519 3703.813922 330.237885 3716.702543
P0021 0.04258 2509.664246 1917.691223 2537.325256 1940.916443
P0021 0.038721 2557.567322 1907.520081 2591.175476 1927.1474
P0021 0.012893 415.189331 1165.201569 667.038452 1420.492706
P0021 0.009344 2467.683899 1793.045898 2504.963928 1818.488159
P0020 0.237071 4571.389526 3531.452881 4603.767456 3560.606201
P0020 0.186358 4603.290161 3496.764832 4649.900146 3533.593933
P0020 0.103635 4602.495728 3518.533936 4648.22583 3547.735474
P0020 0.054333 4092.238342 158.111633 4114.955322 179.915283
P0020 0.028207 985.371033 35.297768 1024.0 84.112518
P0020 0.015238 4042.115147 134.371582 4056.324005 164.938171
P0020 0.014765 4783.065002 2982.290741 4829.083923 3016.534302
P0020 0.013422 2933.845154 1563.460388 2958.920349 1587.095032
P0020 0.009879 2004.556519 928.345746 2024.739807 935.415209
P0020 0.009709 2523.675354 4287.946838 2543.585022 4302.874329
P0020 0.008157 3502.695984 3730.567505 3522.630066 3749.154053
P0020 0.007662 4860.626831 3013.019623 4891.869507 3041.613739
P0020 0.007196 163.348465 1807.3172 194.606552 1829.715271
P0020 0.006564 3590.968689 702.049866 3624.289368 738.201843
P0020 0.006369 3640.595276 3880.728333 3693.318054 3913.622192
P0020 0.006043 4352.932251 3736.383789 4382.839172 3766.77063
P0020 0.005996 1525.869446 3980.565552 1559.233826 4063.889282
P0020 0.005288 909.846863 1596.575806 950.7724 1655.472412
P0020 0.005254 4641.312744 3500.948364 4675.799805 3524.853638
P0025 0.080833 304.316956 3639.020264 349.231506 3676.664429
P0025 0.04427 308.514618 3660.067444 359.454437 3704.994202
P0025 0.040706 3641.976257 2161.123291 3667.330627 2187.59198
P0025 0.028712 3444.046753 3715.759277 3477.006104 3728.238647
P0025 0.028018 3604.619141 172.902451 3630.74585 198.390488
P0025 0.026924 4353.889832 2588.713318 4393.67926 2629.61261
P0025 0.021144 1360.858978 3480.954773 1387.791779 3505.375427
P0025 0.012866 561.724548 3656.096191 588.273987 3672.850952
P0025 0.012172 3512.956543 3403.399353 3552.267456 3431.539001
P0025 0.010495 282.963898 3619.079834 386.421234 3705.942261
P0025 0.00973 3647.872009 104.780136 3667.646301 117.824921
P0025 0.009088 3824.972778 3643.446655 3858.141602 3660.728027
P0025 0.008591 337.504364 3524.102966 409.047699 3561.732727
P0025 0.008465 1393.156067 482.35202 1412.302307 512.233032
P0025 0.007439 4338.14502 3564.168701 4367.692871 3588.653809
P0025 0.007416 1320.859283 3515.752625 1343.332123 3541.728943
P0025 0.007261 365.561981 3674.780762 384.359528 3699.157837
P0025 0.00684 3952.16629 135.002457 3976.886505 145.287735
P0025 0.006753 3367.688232 3623.559143 3402.497437 3652.816101
P0025 0.006711 2557.0672 3826.423767 2596.742859 3871.646057
P0025 0.006331 3654.961021 2164.210999 3681.87146 2194.431946
P0025 0.005979 2921.888794 3784.400635 2966.986755 3796.0
P0025 0.005871 4135.763428 1040.893402 4171.123657 1080.79184
P0025 0.005842 3258.163879 128.487793 3284.796326 159.057831
P0025 0.005821 1362.384857 3522.797546 1395.689972 3557.567932
P0025 0.005771 830.519653 516.269226 859.092896 554.602478
P0025 0.00576 4045.937286 2595.059692 4105.766846 2638.972778
P0025 0.005658 3255.843353 3757.819153 3285.286499 3771.274719
P0025 0.005538 1239.112152 352.422211 1266.70163 391.657745
P0025 0.005525 200.016785 1199.790527 228.184204 1229.667786
P0025 0.005479 3704.02356 2202.86911 3734.982147 2237.885895
P0025 0.005072 1407.637878 641.060364 1425.834717 671.431702
P0025 0.005012 362.147522 3640.671875 381.458618 3661.498169
P0220 0.014716 1727.590759 853.035095 1772.142273 881.227356
P0220 0.008121 1726.340698 518.417358 1751.588135 554.840088
P0220 0.006954 1697.827515 545.846985 1712.644531 594.733826
P0220 0.006107 1730.162231 586.351807 1744.098755 630.035767
P0223 0.012283 980.960205 198.437943 1006.428223 233.622177
P0222 0.013918 121.422668 1123.624817 158.233643 1160.433533
P0222 0.005499 163.115494 1093.350098 190.817581 1120.707031
P0483 0.006905 764.665466 575.62677 848.156555 584.0
P0227 0.00514 1593.77832 438.274933 1638.309448 485.845184
P0226 0.00938 800.179199 775.649109 876.0 865.0
P0139 0.813002 607.005127 127.55159 650.981201 175.779007
P0139 0.779191 554.906738 131.491394 606.932251 173.191681
P0139 0.736694 554.265442 382.986176 613.811584 435.204865
P0139 0.73443 390.018982 274.134918 445.668457 319.008087
P0139 0.663719 338.786987 329.763123 388.85498 388.999268
P0139 0.636645 501.203674 133.955292 544.831604 175.981842
P0139 0.627054 550.710876 209.042511 608.566589 258.141907
P0139 0.579617 337.326721 393.082306 385.349182 447.25943
P0139 0.509088 554.178833 321.405701 612.046021 380.153687
P0139 0.47084 551.423035 269.083374 610.668762 317.88269
P0139 0.46102 399.9328 379.622101 452.636108 438.735382
P0139 0.447714 613.593445 208.495819 659.545959 253.518524
P0139 0.426125 396.338501 328.349884 445.357422 381.473969
P0139 0.351049 333.768005 274.871735 386.729431 315.023956
P0139 0.306902 621.02478 386.810059 668.020264 432.441223
P0139 0.306072 344.966003 225.310364 386.16864 244.654449
P0139 0.303291 661.855957 122.983528 711.452637 162.778381
P0139 0.273398 382.340698 223.51384 413.016113 239.496841
P0139 0.267977 612.814209 265.251465 660.581665 316.383911
P0139 0.217266 615.465576 319.778748 666.720947 378.421448
P0139 0.20011 316.056213 236.581833 348.732544 253.456833
P0139 0.158483 287.89093 311.24408 311.816223 348.65863
P0139 0.148565 535.832703 124.928635 585.757629 147.121109
P0139 0.098305 440.949371 231.915237 468.835602 248.986313
P0139 0.090152 287.695557 272.914734 308.152039 287.920715
P0139 0.077207 461.100067 227.164719 494.339874 248.319595
P0139 0.072734 272.140015 390.005859 303.933838 425.804626
P0139 0.063148 353.811737 204.692047 380.852936 217.342682
P0139 0.05902 501.573944 229.200836 532.234985 245.438232
P0139 0.043673 296.019226 301.774628 333.454285 341.081635
P0139 0.042126 579.026611 85.255859 607.123657 112.159744
P0139 0.033956 651.568298 77.489983 691.139954 104.406075
P0139 0.03363 756.300781 162.800415 803.472046 188.830719
P0139 0.024818 391.20517 199.623138 414.174286 209.914978
P0139 0.02243 487.374084 306.587921 536.300049 326.981842
P0139 0.020492 565.696289 194.101929 616.505737 219.204498
P0139 0.020313 617.79541 80.696281 654.033203 111.687355
P0139 0.019438 615.628296 196.334427 653.237183 223.05452
P0139 0.018794 487.406525 280.172485 526.899292 295.26825
P0139 0.017261 346.912201 165.934601 384.218658 178.781067
P0139 0.015303 323.113159 202.206116 348.495361 214.735809
P0139 0.013973 324.036133 165.428314 348.597961 183.084412
P0139 0.013883 305.399933 410.749329 329.234589 443.623474
P0139 0.013474 383.204407 168.375961 415.968506 180.153885
P0139 0.010872 731.749084 122.890274 764.823792 151.058914
P0139 0.010221 808.619812 155.130341 836.367004 190.732117
P0139 0.010086 300.964874 267.160187 334.269135 288.343781
P0139 0.009761 419.687836 190.618408 441.810272 199.883484
P0139 0.009414 782.337097 228.862671 802.820984 265.046265
P0139 0.009298 565.789246 302.389954 611.464905 340.997253
P0139 0.009018 543.263489 86.422859 576.519104 114.625862
P0139 0.008766 301.246521 337.88446 346.790161 376.111755
P0139 0.00801 767.655884 194.347748 799.023682 219.155548
P0139 0.007514 727.938599 162.146835 770.080322 179.728806
P0139 0.006784 489.858978 340.495331 537.586548 365.189667
P0139 0.006663 284.246185 333.93866 310.04892 364.778076
P0139 0.006486 426.738525 165.711792 449.554016 180.325775
P0139 0.006203 688.750427 73.987938 728.133972 103.456139
P0139 0.005643 287.464783 243.394196 304.442505 258.102112
P0139 0.005327 536.934753 202.238815 585.316223 221.722305
P0139 0.005287 777.680725 122.675812 801.940613 151.720734
P0139 0.005144 233.125427 280.243347 264.19986 296.635742
P0339 0.005408 2130.438988 123.531601 2154.741505 148.033554
P0338 0.007369 2153.279175 1056.637695 2200.703247 1106.207397
P0338 0.005565 1642.484474 1137.562012 1770.660034 1231.740967
P0332 0.067771 784.28009 1582.264648 855.039001 1642.968872
P0332 0.020067 971.052429 1596.193604 1022.884949 1647.470581
P0332 0.007136 714.0802 1707.815186 736.543579 1765.08606
P0332 0.006863 1565.049652 1401.251312 1606.587921 1429.686432
P0337 0.020453 855.926086 391.046396 926.945007 424.817375
P0337 0.013218 812.725891 378.391966 966.542908 441.363472
P0337 0.010372 881.262695 385.706656 951.634033 399.553972
P0136 0.010419 453.382721 2222.516479 477.459015 2252.463135
P0136 0.009466 2393.065552 1914.207397 2419.800659 1942.22583
P0136 0.007589 602.362549 716.643188 627.300659 750.687744
P0136 0.006143 565.306946 737.902283 584.08783 785.793762
P0136 0.005626 2365.999084 1763.415161 2390.81842 1784.388214
P0136 0.005521 2090.695038 1549.240967 2111.104584 1595.958008
P0038 0.015307 2164.238647 2475.346802 2194.659058 2517.000122
P0038 0.005879 74.584503 3776.42804 115.832809 3794.41095
P0038 0.005502 2131.48761 2486.825989 2158.541809 2514.613586
P0038 0.005455 1231.926514 2014.75 1262.692505 2041.295258
P0039 0.247043 1196.731934 610.007019 1253.617554 681.335022
P0039 0.007132 930.712002 2214.305237 978.223625 2246.906616
P0039 0.006037 2283.925537 387.037384 2319.01886 429.627655
P0039 0.005303 937.045471 1001.29364 977.253845 1024.0
P0133 0.036274 481.134308 417.485174 510.003876 426.78212
P0133 0.02515 670.529175 135.466309 703.021362 150.105835
P0133 0.023996 465.075287 976.97998 487.942413 993.547119
P0133 0.015242 912.324341 417.444764 945.130615 436.194687
P0133 0.010704 827.176697 166.061798 853.064758 185.649078
P0133 0.010424 433.072815 971.822998 448.847046 990.601562
P0133 0.009733 964.660889 208.317688 1010.994751 242.549835
P0133 0.006936 860.076904 1127.502869 905.285889 1162.180481
P0133 0.006451 627.275574 132.000351 651.952087 142.741928
P0133 0.006389 868.762268 159.621155 893.46637 181.965607
P0133 0.006388 1048.020325 121.188957 1090.502258 145.013489
P0133 0.00537 671.351074 169.610748 695.804138 181.176392
P0133 0.005259 519.889465 414.686047 561.988586 422.984007
P0232 0.060999 24.822906 1053.126038 148.598175 1266.914551
P0232 0.014461 601.337708 1059.367981 634.545105 1094.219482
P0232 0.01154 453.86853 908.135818 481.562561 939.496658
P0232 0.008263 249.882431 1550.960388 276.113892 1568.739929
P0232 0.007258 41.422287 1476.192932 70.793915 1500.800476
P0232 0.005328 797.427856 712.097534 1003.963623 898.086914
P0232 0.005085 1433.82959 365.098816 1503.038086 677.757996
P0233 0.006885 156.679108 183.390951 192.766186 206.449409
P0233 0.005469 174.02821 181.019841 216.238113 205.067028
P0233 0.005309 150.723522 189.377075 176.925747 260.491203
P0036 0.255067 2533.576477 120.685539 2582.913879 172.070251
P0036 0.197998 2.942951 4912.97583 51.841488 5176.128418
P0036 0.066129 6.580933 4967.112457 21.100443 5117.662476
P0036 0.032088 2908.647461 932.925064 2947.399292 948.60577
P0036 0.026453 2180.471527 5429.356812 2362.157303 5525.482788
P0036 0.024879 2882.692871 929.965936 2927.686157 942.971466
P0036 0.020593 409.10083 1864.347961 582.365417 1971.911377
P0036 0.019322 1810.020447 4683.390808 1841.02594 4717.174561
P0036 0.019204 2103.682297 3893.191528 2198.563171 4017.102295
P0036 0.017573 2555.7117 147.09288 2601.934418 194.168289
P0036 0.014573 403.969391 3481.420959 426.556915 3503.969788
P0036 0.012167 42.782898 4916.026276 140.550629 5101.765503
P0036 0.009557 2220.511768 5509.880859 2296.090393 5529.740845
P0036 0.00949 28.881756 4977.933899 63.865711 5054.856689
P0036 0.008635 1118.151764 322.263428 1143.137421 337.979492
P0036 0.008508 366.032715 3530.895752 394.747864 3555.716675
P0036 0.008395 242.102478 5104.212158 271.067474 5133.393433
P0036 0.007965 876.152771 3710.055509 904.103943 3729.659927
P0036 0.007882 2595.147949 163.566849 2635.093201 193.671951
P0036 0.007709 156.962708 3922.326187 204.943115 3961.548981
P0036 0.00761 1824.081909 1863.773749 1871.156982 1876.592453
P0036 0.007551 76.013588 4979.571838 114.652763 5044.757019
P0036 0.007324 508.631195 3245.827606 536.418213 3276.35611
P0036 0.007008 2445.13147 242.497391 2481.043213 283.072418
P0036 0.006369 1049.773964 1594.405762 1078.613754 1629.213257
P0036 0.006308 2878.960815 1016.752167 2923.120483 1048.921738
P0036 0.006215 247.587708 5078.612854 274.700317 5105.508362
P0036 0.006212 1175.805649 3218.088226 1196.901215 3236.799103
P0036 0.005983 391.781311 3517.129822 413.638489 3538.532898
P0036 0.005936 404.001282 3455.465149 434.709229 3484.657898
P0036 0.005715 2474.63031 246.249176 2508.634827 283.464569
P0036 0.005657 2448.579407 267.824799 2478.849548 308.591461
P0036 0.005431 124.514877 4985.011353 148.958633 5032.182983
P0036 0.005407 213.158997 5112.406189 233.802094 5140.853455
P0036 0.005396 2840.123901 932.857172 2896.831177 946.357817
P0036 0.005343 2871.82489 979.652657 2914.731506 1006.259911
P0036 0.005332 632.554993 5157.874573 668.805725 5177.768494
P0036 0.005283 2860.250671 125.022217 2908.905823 164.237671
P0036 0.005204 1113.620331 4050.007568 1152.168549 4079.84198
P0030 0.217299 1738.188936 966.465271 1785.561371 1022.631653
P0030 0.035616 1760.308977 2006.35321 1805.270294 2052.868225
P0030 0.015261 1634.871338 1774.779053 1663.25647 1805.700745
P0030 0.011771 1737.033484 1997.236267 1755.135727 2065.334167
P0030 0.006 1762.107353 985.0802 1809.963615 1019.887695
P0030 0.005452 1754.102791 2043.556824 1822.626411 2099.889221
P0032 0.100908 2415.620422 1195.038147 2425.0 1227.451355
P0032 0.076511 1019.707954 367.031219 1046.017281 389.430573
P0032 0.01969 1905.863647 1341.977478 1933.504272 1369.474548
P0032 0.018048 983.011353 1662.214294 1020.776611 1688.580505
P0032 0.011017 2362.542786 1219.520813 2397.625427 1246.26947
P0032 0.007711 945.882935 1668.63501 1003.310913 1689.0
P0032 0.006536 716.615845 958.630737 759.571533 991.343018
P0032 0.006006 1016.956291 274.827362 1035.567879 320.240936
P0032 0.005856 720.878357 789.386108 754.218811 818.960693
P0032 0.005602 1884.476166 1387.878418 1910.112457 1416.295654
P0032 0.005566 2393.707703 1222.841187 2421.035583 1254.393311
P0032 0.005072 1135.847305 558.313843 1159.49202 579.643799
P0235 0.095676 73.518402 894.234741 172.845291 931.0
P0235 0.012388 455.990112 929.390015 551.166077 931.0
P0235 0.006291 1990.251282 701.803711 2034.2453 744.531616
P0235 0.005921 2028.052002 706.046448 2066.643433 739.283997
P0235 0.005301 1949.189606 701.108032 1989.283936 739.445068
P0235 0.005137 453.928101 937.884033 549.194092 931.0
P0065 0.151419 2258.805481 1670.44281 2281.339172 1692.384827
P0065 0.081038 2183.192749 1723.234558 2215.768066 1750.981628
P0065 0.04995 2244.166748 1665.448669 2269.662476 1691.761536
P0065 0.03024 2004.570068 2007.151352 2034.091797 2033.429153
P0065 0.02668 1206.42868 1645.013611 1246.227875 1675.492859
P0065 0.024329 169.605011 196.593369 206.423492 212.790543
P0065 0.023875 435.314178 1233.100922 464.099762 1262.434967
P0065 0.013797 2031.12085 1713.34314 2060.80127 1737.347656
P0065 0.010749 2041.739197 2553.124466 2059.676697 2587.84996
P0065 0.010244 1945.09668 2897.094727 1981.165771 2935.193115
P0065 0.009796 1863.651794 2906.667664 1900.089783 2943.206238
P0065 0.009116 1148.178558 2568.866821 1188.483734 2605.562256
P0065 0.009012 1922.58075 2892.752167 1944.78656 2947.526978
P0065 0.008675 1956.839294 2860.60498 1983.609436 2881.734436
P0065 0.008627 1208.547333 1604.594666 1232.010834 1621.890442
P0065 0.008616 357.675659 1290.332611 387.478271 1314.848724
P0065 0.008375 405.620911 1561.015503 427.963379 1579.44519
P0065 0.007436 1600.993225 1098.003723 1628.426575 1129.60257
P0065 0.007391 2307.292542 1674.021729 2333.263489 1710.539917
P0065 0.007268 2068.818604 1729.101868 2093.756836 1751.275696
P0065 0.007199 2001.139832 1719.4776 2026.855408 1740.770325
P0065 0.006877 1758.152802 1674.246765 1781.896027 1691.684265
P0065 0.006481 134.958893 113.256554 152.440002 153.576324
P0065 0.006279 1837.717377 2910.98053 1876.150574 2941.456116
P0065 0.006224 1044.156868 309.485291 1076.573364 348.002625
P0065 0.006021 1675.457642 2897.714111 1720.065552 2927.090088
P0065 0.005749 1711.108551 199.524796 1737.508881 226.590958
P0065 0.005729 1723.953094 752.472534 1744.773773 778.756836
P0065 0.005541 777.35437 1930.007965 816.658447 1959.695877
P0065 0.005197 591.708984 2901.341187 617.936768 2925.397461
P0049 0.551063 605.0 1103.087463 699.30687 1332.175964
P0049 0.205346 782.74054 682.672485 926.694641 828.129517
P0049 0.022122 686.60556 1348.931793 734.894745 1394.02005
P0049 0.020968 613.1128 1378.563416 632.753986 1460.804749
P0049 0.016891 575.814209 1393.627106 631.430298 1443.487793
P0049 0.013059 579.080444 1357.152374 619.86438 1400.568329
P0049 0.012747 755.615234 1066.744156 792.902222 1111.124344
P0049 0.009884 505.585815 631.418396 532.836182 648.048157
P0049 0.009873 595.68573 398.544708 628.187317 426.086151
P0049 0.009134 610.313749 1341.879028 622.057058 1424.529053
P0049 0.008491 746.186523 1126.395981 782.713013 1169.728653
P0049 0.007799 677.94165 1513.645813 713.933594 1571.080261
P0049 0.006743 264.272705 883.854492 533.201599 1024.0
P0049 0.006419 894.483246 927.087227 982.721771 935.740805
P0049 0.006243 393.04425 1145.436737 441.255798 1201.692627
P0049 0.005545 661.95752 1481.464661 705.852783 1522.343201
P0049 0.005219 670.813049 316.478577 702.595398 342.073242
P0124 0.022886 1450.481323 124.225006 1473.958496 147.701202
P0124 0.016764 617.965454 1242.462616 659.864502 1289.52121
P0124 0.013595 1600.146057 584.507507 1621.501282 625.325256
P0124 0.013587 1598.254517 562.246582 1617.419189 585.328125
P0124 0.011429 1348.04245 139.76001 1373.003906 156.247284
P0124 0.010161 1113.169525 27.660574 1136.376068 35.867905
P0124 0.009686 1365.552429 594.051392 1393.809021 623.402222
P0124 0.009011 519.052795 1146.319016 778.971375 1432.767639
P0124 0.008583 1396.780823 137.206055 1417.322693 152.046326
P0124 0.008304 1397.40741 157.603485 1422.036682 177.351166
P0124 0.008016 1121.814301 174.417847 1152.960052 195.470032
P0124 0.007244 1449.375061 166.008179 1473.79657 188.119293
P0124 0.006939 1278.430542 134.235428 1317.467285 159.431015
P0124 0.006528 1085.214462 165.416351 1108.142578 179.274109
P0124 0.006526 1084.60463 23.318834 1123.691528 34.032753
P0124 0.006385 1471.079895 125.224823 1498.580261 152.346832
P0124 0.006075 628.562805 1265.204834 663.375549 1310.476379
P0124 0.00603 706.393616 1268.391998 752.574524 1329.342499
P0124 0.005633 1041.746063 131.355164 1078.203674 145.530518
P0124 0.005555 1403.359558 601.506897 1432.732727 628.967102
P0124 0.005132 989.891953 2030.388184 1025.588943 2061.117676
P0064 0.014509 521.869995 2084.999207 544.814331 2097.261292
P0064 0.011374 2307.882965 1335.616577 2338.684296 1356.878479
P0064 0.009405 2209.53244 1377.662918 2249.469269 1414.137344
P0064 0.008524 2322.96283 1345.489532 2345.890442 1368.432861
P0064 0.007933 428.530853 189.692749 480.420197 238.908844
P0064 0.007659 1792.638184 1695.099243 1827.635986 1740.818115
P0064 0.007171 1325.347961 936.712072 1352.101562 950.925322
P0064 0.007092 2488.586243 308.988129 2513.317322 362.726593
P0064 0.006312 517.896851 192.194901 550.366333 245.660202
P0064 0.005358 1284.32486 934.796011 1308.571381 948.979231
P0064 0.005245 495.929291 161.643829 581.307739 271.104218
P0064 0.005147 2550.53125 1718.862488 2574.1698 1749.49469
P0041 0.015667 713.911072 285.761902 750.849548 317.855347
P0041 0.013373 1014.342834 1092.768433 1024.0 1179.225861
P0041 0.010796 669.631531 327.0513 700.583191 350.013214
P0041 0.0103 626.116943 330.08728 661.827881 348.239929
P0041 0.010299 514.490723 367.223846 544.865234 384.877106
P0041 0.009494 595.626343 330.524567 631.014526 348.871063
P0041 0.009223 757.419922 173.908615 782.440674 194.756882
P0041 0.008659 597.640686 367.044128 627.867249 381.852478
P0041 0.008144 752.115234 242.456528 786.799316 272.576447
P0041 0.007936 756.058105 206.392578 783.25647 234.243011
P0041 0.007916 716.021545 325.240662 745.8526 357.357727
P0041 0.00755 628.365601 367.914246 657.150635 384.950317
P0041 0.007512 668.568787 294.417786 697.223572 311.603821
P0041 0.00697 794.615173 169.964279 826.209778 195.047134
P0041 0.006474 714.606567 250.404221 744.190186 275.135834
P0041 0.005275 717.82312 209.352188 744.827393 231.8517
P0042 0.18198 848.123962 58.45129 949.373962 162.839981
P0044 0.601538 1077.817383 1143.904114 1123.375549 1194.971497
P0044 0.021498 1114.32373 1057.736511 1135.834045 1086.713684
P0044 0.021031 972.777374 1114.757446 1003.696991 1143.50238
P0044 0.016906 786.968262 1377.345703 810.095459 1401.42334
P0044 0.015997 1096.280396 1315.805786 1121.018005 1340.289917
P0044 0.012636 1060.154022 1108.423889 1087.911163 1125.750793
P0044 0.011137 1408.348694 1271.360107 1434.148499 1299.072632
P0044 0.01106 245.904572 399.425476 263.546295 434.25061
P0044 0.010661 869.006042 1297.629944 897.34491 1327.121155
P0044 0.010113 1031.791504 1112.806122 1049.97467 1139.791656
P0044 0.00984 1018.6362 1221.518311 1036.88559 1251.853882
P0044 0.009225 740.88678 828.90271 802.90094 867.538208
P0044 0.00845 289.548401 322.474976 311.231812 349.733948
P0044 0.007573 778.906769 830.541901 819.212708 870.584534
P0044 0.007556 986.138 1219.047821 1013.042542 1253.930054
P0044 0.006466 827.38916 1342.605591 855.125732 1363.237549
P0044 0.006176 521.445435 283.734406 550.525757 309.393219
P0044 0.006167 1152.138367 1153.016205 1171.254211 1181.142609
P0044 0.005338 1254.699097 470.646271 1282.595337 501.669525
P0044 0.005015 201.496735 359.429321 224.520416 385.370728
P0129 0.007281 830.014801 1640.687317 861.464813 1674.244812
P0236 0.019467 434.986511 563.675781 462.294739 586.641479
P0236 0.010892 162.539841 786.008911 187.72377 818.690002
P0236 0.010352 397.267822 518.68158 424.766235 548.036682
P0236 0.009235 514.085938 198.681641 541.283081 231.237579
P0236 0.006498 400.167053 553.936584 423.4245 582.85321
P0236 0.006234 403.709259 473.023041 435.101532 509.754913
P0236 0.00585 435.687958 473.446777 466.256683 503.000244
P0236 0.005322 636.007751 941.389465 659.343933 975.096619
P0236 0.005232 1003.639404 211.320007 1023.057861 320.003601
P0688 0.010979 43.0933 591.3302 83.91301 626.276733
P0688 0.009114 9.486521 563.919769 39.229179 593.149353
P0688 0.007299 1005.760315 184.860603 1052.122253 237.094849
P0070 0.038295 421.662872 109.025032 451.2034 138.481201
P0070 0.020993 585.629456 483.851501 631.944641 521.844849
P0070 0.017792 583.078796 511.407501 628.07251 551.079102
P0070 0.015626 622.554626 506.84201 664.122986 550.045349
P0070 0.013008 543.70874 524.352386 594.109741 561.244049
P0070 0.012721 670.615662 636.744263 704.529724 664.379272
P0070 0.012361 628.452515 483.956329 667.087036 528.917084
P0070 0.011757 505.842865 520.188568 552.205902 564.553314
P0070 0.009989 544.38385 483.370789 592.132507 524.720703
P0070 0.007434 715.020813 650.467407 745.638611 676.274109
P0070 0.006992 503.347687 559.666504 552.615265 597.046265
P0070 0.005728 636.154419 635.109863 667.468628 662.340576
P0070 0.005551 713.446899 679.707642 747.943115 702.725464
P0070 0.005509 670.325989 677.638489 708.24823 706.039978
P0070 0.005488 672.528564 610.019257 702.34436 635.995453
P0687 0.006495 1445.57251 628.790274 1492.786987 677.973473
P0210 0.019897 1686.75766 309.791107 1719.788849 340.37326
P0210 0.013666 1742.277863 273.269897 1767.256317 303.566528
P0458 0.007694 901.905701 697.118896 995.992004 787.564087
P0458 0.005556 950.096313 426.195557 992.290283 441.024536
P0218 0.00728 1921.355957 1620.289986 1947.318359 1676.347359
P0664 0.026487 650.745667 303.924072 708.15332 362.966125
P0664 0.008761 16.657085 727.029236 53.506474 760.640686
P0113 0.666069 3148.320618 2892.563942 3189.258728 2925.087982
P0113 0.655423 2978.106094 3007.443741 3023.685593 3056.122314
P0113 0.62709 3131.782166 3076.759613 3173.240173 3125.039764
P0113 0.576315 3057.291077 2858.954803 3092.060669 2886.451447
P0113 0.528269 3193.006104 2919.992416 3226.88385 2952.284561
P0113 0.513702 3090.240875 3041.219971 3135.895599 3093.965515
P0113 0.50924 3184.074402 3009.926239 3229.297546 3056.095123
P0113 0.471982 3191.843018 2972.452179 3229.683228 3008.425079
P0113 0.471901 3142.135132 2940.091934 3185.878906 2981.615311
P0113 0.467841 3093.201447 2878.950966 3133.086395 2913.176422
P0113 0.461931 2937.599869 2971.395432 2976.139328 3014.548752
P0113 0.4616 3054.529785 2902.734497 3091.619995 2942.115601
P0113 0.409798 3094.018372 2918.841766 3130.998169 2961.699249
P0113 0.373079 2901.580414 2942.85556 2943.514145 2985.32605
P0113 0.348823 3056.555084 3011.331696 3095.291656 3057.981537
P0113 0.105119 3108.969666 2819.693558 3149.115662 2840.219177
P0113 0.10398 1303.071716 1161.115417 1343.061829 1196.484985
P0113 0.08059 3156.550201 2783.481621 3184.769989 2789.182585
P0113 0.072291 3063.143433 2863.625061 3093.981018 2872.0
P0113 0.062788 1277.168671 1210.90918 1311.161163 1241.057434
P0113 0.06271 1256.511261 1165.318344 1289.511078 1199.7229
P0113 0.051632 1306.627197 1207.654053 1340.155029 1235.638733
P0113 0.051141 1308.405792 1129.169327 1345.372223 1163.303452
P0113 0.043847 3192.144012 2907.524765 3224.420685 2933.425613
P0113 0.042318 1522.365784 1511.608398 1541.404846 1530.909424
P0113 0.036808 2791.365417 3780.392456 2829.423401 3796.0
P0113 0.032459 2601.93573 132.968445 2624.889099 147.320129
P0113 0.031367 3199.70462 2777.01107 3242.248199 2781.529249
P0113 0.03132 3219.701874 2775.187762 3254.970612 2778.898534
P0113 0.026061 3001.474396 2868.253372 3033.15506 2889.045364
P0113 0.025209 1487.617126 1520.778748 1505.896179 1539.413147
P0113 0.024224 59.726418 2779.661419 227.085175 2898.146179
P0113 0.024106 1247.312469 1115.985168 1275.620087 1155.055573
P0113 0.023505 1556.336304 1480.199341 1577.427124 1499.779297
P0113 0.02192 2291.497253 1879.03175 2322.037292 1908.335079
P0113 0.019121 137.324158 2588.869507 246.946503 2736.516602
P0113 0.017298 1282.145813 1118.549408 1317.886658 1157.904999
P0113 0.016954 3076.374237 2919.42305 3101.97287 2960.052567
P0113 0.016699 558.560303 3689.180969 577.486816 3710.934387
P0113 0.016253 1481.510681 1483.711914 1500.707703 1505.036011
P0113 0.016186 3147.881195 2850.397079 3186.91568 2867.808075
P0113 0.01618 2826.857056 2917.576721 2872.0 2989.070801
P0113 0.016132 3141.071991 2781.443399 3178.225311 2786.582317
P0113 0.016012 444.643372 3684.192505 472.144287 3705.302124
P0113 0.015987 1278.902893 1157.704681 1313.206116 1194.023895
P0113 0.015937 3117.778656 2856.496582 3160.428009 2881.298965
P0113 0.015702 3059.177704 3020.673111 3157.553802 3120.187378
P0113 0.015677 2919.11676 2963.190613 2958.82843 3000.344604
P0113 0.015634 2563.841675 132.31636 2588.592773 144.176743
P0113 0.015378 896.748962 1673.117615 933.408386 1697.666931
P0113 0.014746 2998.98497 2889.557243 3040.273834 2925.17041
P0113 0.014477 3070.226685 2822.18708 3114.228271 2837.875824
P0113 0.014335 3152.508331 2823.321541 3182.61673 2837.610985
P0113 0.013981 1173.615631 2867.601562 1196.582733 2881.367203
P0113 0.013915 295.462097 3431.424652 318.762085 3463.404755
P0113 0.01338 2603.530273 91.297142 2627.784668 108.199348
P0113 0.013144 2715.211914 3909.562195 2739.736206 3926.659363
P0113 0.012714 3128.848724 2998.955948 3167.577179 3045.146454
P0113 0.011842 2563.817627 162.953522 2588.492432 178.176544
P0113 0.011274 3047.952423 3046.092438 3085.813446 3078.890656
P0113 0.011074 880.389893 1675.881226 915.383545 1705.031006
P0113 0.010864 1335.635864 2714.637939 1368.604919 2741.502075
P0113 0.010537 3058.774139 2786.935714 3120.242706 2795.462547
P0113 0.010203 3038.942566 2781.912708 3096.341492 2791.271296
P0113 0.01013 2908.421066 2950.879059 2995.382767 3037.22287
P0113 0.010092 1126.704498 2827.677876 1153.043213 2849.698235
P0113 0.009954 3152.741669 3044.394012 3179.523712 3098.084869
P0113 0.009807 3005.43013 2973.946594 3038.802032 3007.236664
P0113 0.009365 3171.343933 2855.260269 3208.955566 2876.342896
P0113 0.00903 3085.015259 2860.536804 3135.440369 2871.385681
P0113 0.008969 3159.878204 2779.731699 3195.205902 2783.046375
P0113 0.008788 1213.480499 2904.856354 1234.781464 2923.424591
P0113 0.008506 1200.626892 2861.693718 1220.625916 2879.336372
P0113 0.008439 3192.472534 3039.032532 3222.199646 3081.056213
P0113 0.008122 560.732605 3713.668396 576.818665 3737.128845
P0113 0.007686 3172.845459 3092.830322 3203.576416 3135.822144
P0113 0.007641 2956.180634 2984.608704 3048.9646 3071.985077
P0113 0.00742 2971.910278 2968.73819 3010.863342 3005.192688
P0113 0.007038 353.087036 3581.47229 377.032227 3626.332947
P0113 0.007016 2688.222839 3909.140564 2711.147644 3927.969666
P0113 0.006904 715.426819 3132.260406 740.505554 3159.134064
P0113 0.006877 1243.479462 2986.645264 1272.20932 3010.550171
P0113 0.006871 1085.779022 2781.686655 1114.856659 2794.633436
P0113 0.006817 2967.987457 2898.76136 3002.392151 2935.3806
P0113 0.006723 606.747498 3673.986816 620.874451 3696.538574
P0113 0.006716 3040.381348 3132.167751 3074.898438 3145.714371
P0113 0.006605 2557.486633 1196.115051 2658.527283 1298.960571
P0113 0.006237 475.488831 3679.745483 493.224609 3695.972412
P0113 0.006188 1530.240723 1493.718201 1552.887817 1512.06842
P0113 0.006151 1257.686096 1199.618896 1293.269531 1238.355103
P0113 0.006009 1087.005142 2333.652649 1110.89119 2359.173523
P0113 0.005918 2860.80864 2783.985077 3273.857178 3032.600006
P0113 0.00587 2599.055481 162.071198 2622.091614 175.378937
P0113 0.005867 918.313538 2764.173523 947.427307 2786.973206
P0113 0.005684 3109.005615 2785.105308 3160.164734 2791.678185
P0113 0.005623 1457.112122 1482.611023 1469.815002 1506.73761
P0113 0.005582 2287.583496 321.324463 2316.060974 338.963501
P0113 0.005543 2673.690857 3259.440857 2713.355774 3314.907349
P0113 0.005395 2324.933197 322.392426 2352.649445 342.010223
P0113 0.005308 366.247131 3454.241455 395.927246 3487.515015
P0113 0.005167 3090.379791 3086.166992 3123.742401 3115.560913
P0113 0.005142 1092.4814 2368.430664 1114.405258 2390.725708
P0111 0.065861 1684.116028 979.141357 1725.079041 1018.935364
P0111 0.006597 1451.772461 1002.66394 1494.969604 1022.550659
P0111 0.006191 422.739441 526.899048 506.382263 634.682861
P0111 0.006036 1258.043457 436.018799 1273.848145 467.472534
P0111 0.005469 1409.626526 959.42926 1443.783875 999.988892
P0111 0.005222 1530.112061 753.231079 1564.801514 784.474243
P0052 0.051478 764.241089 925.0 1010.926025 1117.832214
P0052 0.034977 440.012695 1158.807693 461.126953 1180.173096
P0052 0.023146 452.261627 1131.970276 475.68161 1158.232239
P0052 0.00646 1333.682587 1032.586914 1625.183716 1273.062805
P0052 0.006121 465.662415 1120.19873 491.929321 1149.580414
P0052 0.005946 193.858322 588.257935 242.38707 621.703125
P0052 0.005944 1465.105347 529.16272 1499.557373 544.851318
P0050 0.071563 198.144684 2822.215515 225.25061 2841.216614
P0050 0.066011 237.656387 2860.449097 256.493042 2875.869873
P0050 0.05582 209.205338 2854.838867 233.767014 2874.619263
P0050 0.053505 237.901642 2829.278015 263.085541 2851.869202
P0050 0.033002 167.884171 2778.248901 202.840958 2810.809692
P0050 0.028602 1330.227417 1999.538193 1366.575867 2041.929276
P0050 0.028011 1469.692078 544.706909 1523.568176 598.47937
P0050 0.023467 166.920853 2852.939087 196.64769 2876.180298
P0050 0.022693 196.658783 2768.091492 224.16391 2795.552307
P0050 0.021299 204.849548 2891.772705 231.039978 2922.541992
P0050 0.020347 163.427246 2809.717041 191.505646 2831.624878
P0050 0.016518 161.700897 2893.423523 199.480713 2924.354431
P0050 0.011277 277.876556 2086.377106 304.99173 2113.430786
P0050 0.007439 114.669205 2935.459534 152.965286 2972.024231
P0050 0.007302 241.604584 2773.913208 264.071869 2797.216553
P0050 0.007002 1678.23175 1163.804688 1707.977966 1211.072327
P0050 0.006938 248.2164 2805.005249 275.79892 2836.203735
P0050 0.006848 194.332535 2683.104187 223.333847 2703.997986
P0050 0.00639 249.20462 2888.960693 272.780365 2919.016357
P0050 0.006234 1446.914124 1623.754456 1465.964539 1678.946472
P0050 0.006155 895.485046 1402.147736 946.047058 1428.972321
P0050 0.006008 1488.906372 1626.777039 1507.585693 1672.06012
P0050 0.005824 169.093491 2919.801453 204.467087 2961.563171
P0050 0.005758 293.751892 2412.354431 311.053894 2435.157349
P0050 0.005625 1518.66156 1634.69873 1547.548645 1674.731567
P0050 0.005326 166.452698 2679.645874 198.946075 2700.063965
P0050 0.005232 2215.424622 1037.191284 2239.403503 1076.288574
P0050 0.005094 241.575775 2731.24353 267.087036 2758.478516
P0464 0.01149 174.779129 178.936032 259.398132 202.847347
P0695 0.014073 1142.548523 914.377075 1163.08551 928.237549
P0695 0.007297 1260.298706 832.780396 1283.634399 854.250854
P0695 0.006768 1255.791504 874.324768 1284.242188 902.835388
P0695 0.005668 1290.969788 862.350342 1319.684265 885.684082
P0697 0.011641 1177.888428 231.331436 1221.282227 277.029999
P0697 0.007174 1179.197754 190.720474 1219.673462 237.241226
P0697 0.006141 1220.812378 232.681473 1262.703369 278.407043
P0697 0.00532 1178.58429 278.019211 1219.775696 311.4897
P0697 0.005236 1140.565125 235.453186 1181.908997 276.787231
P0692 0.032778 874.554749 5.143125 897.0 20.386848
P0327 0.009545 108.752464 4.434891 148.282028 14.54476
P0283 0.00522 569.130371 182.074631 594.768005 212.138809
P0281 0.008731 225.815384 396.671585 247.936752 421.523087
P0281 0.005322 220.699402 441.799332 246.818451 466.686279
P0067 0.037878 392.026855 536.577774 423.711853 569.521835
P0067 0.031518 412.994629 460.0 506.176331 474.283421
P0067 0.007443 726.163025 579.718079 742.154968 626.147034
P0067 0.007197 451.118988 886.402832 476.654449 936.278503
P0067 0.006301 523.319275 898.452393 544.414246 926.660461
P0066 0.018961 2047.710999 2659.674622 2187.63385 2805.829407
P0066 0.018487 2202.342224 527.349792 2246.468628 547.883362
P0066 0.015472 2162.755978 2677.907288 2192.598068 2804.117981
P0066 0.012878 2568.932922 397.051727 2600.256409 424.362762
P0066 0.01017 2135.285168 2654.458069 2214.119568 2868.340271
P0066 0.009804 2645.203064 441.227539 2675.858826 460.858398
P0066 0.008679 2480.691589 745.75415 2593.912659 884.874756
P0066 0.008369 1869.09145 2649.88501 1952.693268 2930.716675
P0066 0.008281 2248.462372 525.279663 2267.624481 544.33252
P0066 0.008066 2677.263306 478.949554 2707.961182 504.685577
P0066 0.007959 3000.639893 2742.483978 3017.231689 2848.029419
P0066 0.005931 2601.036987 406.627808 2629.55896 424.006042
P0469 0.005858 408.197723 601.013916 441.894379 630.461182
P0468 0.011429 379.064819 234.226929 413.25647 259.367676
P0468 0.005875 149.770676 366.831604 189.971512 399.480286
P0468 0.00572 380.702881 212.887115 414.013 241.53183
P0063 0.166943 948.983042 1971.894436 987.998413 2003.614208
P0063 0.06306 2659.70813 550.695068 2710.142334 619.612427
P0063 0.052536 931.661824 1969.873388 960.522823 1999.49614
P0063 0.039242 666.067627 2244.204865 695.604736 2299.472931
P0063 0.016616 2433.84375 284.688751 2465.460571 321.573517
P0063 0.016182 1930.163498 286.598602 1954.139725 307.569427
P0063 0.013012 1008.441956 2200.095642 1045.986115 2238.372192
P0063 0.011462 602.456604 2590.341003 637.215149 2629.176697
P0063 0.011395 990.169983 1994.514114 1020.600037 2064.30722
P0063 0.010005 931.341645 2316.700928 955.856979 2352.642151
P0063 0.009406 1011.083252 1964.723657 1017.903076 1985.71489
P0063 0.008934 2798.497803 756.231445 2818.918091 780.809448
P0063 0.008121 1970.711472 215.000809 2001.793243 237.840469
P0063 0.007364 2126.255325 2592.533813 2173.005463 2624.080078
P0063 0.00731 2439.161804 210.203247 2456.353577 234.664551
P0063 0.007036 1787.246643 1397.200165 1820.097839 1434.234161
P0063 0.006684 2529.246704 217.618164 2541.375732 235.702789
P0063 0.006429 1889.385241 1149.52626 1917.037115 1218.353363
P0063 0.006101 1973.533066 289.621887 1995.823227 308.193237
P0063 0.006085 2499.662415 192.951385 2510.970276 237.854492
P0063 0.005636 1594.577515 1565.339905 1625.627319 1595.070862
P0063 0.005614 563.365845 125.952721 588.218872 145.412476
P0063 0.005517 946.095703 2040.07457 1000.268188 2064.32222
P0063 0.005098 2321.693054 210.760193 2340.489136 226.307526
P0063 0.00509 1946.118935 221.357086 1967.088676 238.966675
P0063 0.005034 881.542725 1966.372653 909.44043 1981.766394
P0061 0.022747 1244.95874 633.127014 1281.829712 666.469299
P0061 0.017633 1874.325012 871.489136 1908.768982 907.269165
P0061 0.016017 539.436829 456.187256 581.982361 502.283325
P0061 0.008828 1201.174042 316.827972 1225.072968 335.859528
P0061 0.006488 831.388062 355.818146 856.433594 387.276337
P0061 0.006364 1509.695251 80.691116 1560.923035 127.231705
P0061 0.006241 1095.890427 357.593384 1125.251968 375.422974
P0061 0.006148 1446.730652 309.498779 1482.855164 337.445251
P0061 0.005936 1237.173431 752.649048 1256.77536 789.17627
P0061 0.005912 1241.271027 675.835327 1266.384308 701.91272
P0061 0.005375 1275.786591 628.722107 1302.8013 650.855896
P0061 0.005226 1171.021851 410.205017 1203.937744 436.80249
P0061 0.005165 1337.033936 1429.868042 1359.031372 1452.379761
P0061 0.00501 168.637604 556.98877 184.794312 585.839844
P0461 0.009936 514.868042 631.470947 547.102539 666.840942
P0677 0.143813 521.608032 443.013489 566.093994 501.425903
P0677 0.04183 438.886963 438.859802 490.601379 507.087585
P0677 0.025757 366.621307 437.973328 406.963654 489.670776
P0677 0.008859 523.933044 486.007568 558.287537 538.861511
P0068 0.023433 180.431412 339.814941 208.194901 383.916931
P0068 0.015714 209.03215 334.473846 239.992569 379.351593
P0068 0.008966 269.92691 408.585938 309.80246 440.945618
P0109 0.047051 605.755615 714.067322 630.190063 736.246643
P0109 0.030033 629.848633 717.357056 657.718384 740.515259
P0109 0.01963 641.917908 732.409485 658.990295 750.760315
P0109 0.019326 447.472839 540.363556 782.821472 950.19873
P0109 0.018667 641.379089 702.993591 657.177795 717.684509
P0109 0.017935 604.416168 703.396698 617.317596 720.336121
P0109 0.01203 643.24176 460.011673 662.90033 489.309998
P0109 0.0117 599.661377 729.863281 625.974731 746.167847
P0109 0.010073 635.88736 695.496643 653.785858 711.659119
P0109 0.009236 562.192749 484.828827 581.388062 505.316071
P0109 0.008571 511.743378 758.921631 528.671661 778.860107
P0109 0.008085 491.951355 488.61969 509.910522 516.135803
P0109 0.00652 594.384277 774.813232 622.528564 790.377441
P0109 0.006141 588.201233 760.144958 625.914856 776.642151
P0109 0.005168 594.257446 814.655518 630.032715 838.805542
P0100 0.012945 437.0336 361.30249 460.10495 391.721252
P0100 0.012943 436.190948 446.814697 559.936646 589.940308
P0100 0.010339 343.92041 504.23053 353.528931 535.745544
P0100 0.009936 319.853577 382.183807 325.863342 449.732635
P0100 0.009591 473.082214 350.17691 497.080261 383.572479
P0100 0.005232 376.651825 354.49472 396.865936 392.181
P0029 0.693961 1859.438766 1752.991028 1940.132492 1817.805481
P0029 0.068223 2201.120544 811.67572 2249.920776 851.474548
P0029 0.046927 1785.592346 926.851604 1858.184509 1007.295822
P0029 0.012949 1817.152847 1757.236328 1849.928635 1804.220825
P0029 0.012829 2016.534058 1762.493683 2041.786011 1831.765533
P0029 0.011795 1798.280556 1630.82132 1845.75193 1682.239349
P0029 0.010678 1748.005065 926.433811 1764.238461 978.99358
P0029 0.010403 1909.749756 931.552063 1942.697632 946.015001
P0029 0.009466 1813.453613 935.494255 1887.442749 977.931099
P0029 0.008792 1815.491745 1793.307007 1850.119446 1838.566162
P0029 0.005523 1902.578735 936.930511 1947.680908 1005.974586
P0029 0.005378 1598.860779 285.22467 1624.178528 315.390137
P0029 0.005343 1738.464285 951.336985 1765.263655 1013.332657
P0029 0.005219 1567.442932 280.399567 1589.382141 313.287933
P0103 0.011181 332.512329 352.177094 566.625854 650.623535
P0103 0.005512 222.426285 474.441589 248.493729 498.551086
P0103 0.005505 446.979309 279.716339 461.841858 315.981537
P0103 0.005461 537.023987 500.46402 547.340271 526.617065
P0103 0.005097 192.768616 516.068237 211.091339 532.832764
P0071 0.294842 471.888428 593.03833 504.130859 622.013916
P0071 0.237229 502.548523 532.748901 532.240784 566.706177
P0071 0.128112 409.546326 601.942139 441.772034 630.869629
P0071 0.02073 482.143982 611.07843 510.311523 629.457092
P0071 0.020345 305.709106 407.332214 618.982544 730.557312
P0071 0.009381 430.727417 591.617737 454.618896 611.297668
P0071 0.00902 462.441589 499.801971 494.994019 535.400024
P0071 0.008342 510.844604 584.211609 531.292236 615.524231
P0071 0.006313 564.619995 570.971741 578.148682 620.297424
P0071 0.005616 407.412079 526.227844 434.349945 567.513123
P0071 0.005439 587.46637 557.565735 599.584534 627.190002
P0906 0.0141 557.419617 123.132347 590.645081 159.642242
P0906 0.008742 1703.643921 1388.33197 1727.651733 1411.646667
P0906 0.008339 1539.394897 1071.712402 1557.689941 1089.643066
P0906 0.006839 514.099365 474.593262 554.761841 503.678223
P0906 0.00652 1696.599976 1421.000854 1719.905762 1441.75061
P0906 0.005958 916.192322 1520.42749 944.847229 1535.104248
P0906 0.005884 746.741821 1601.810913 790.19104 1624.540161
P0906 0.005237 1694.339478 86.902504 1740.496948 121.311134
P0151 0.480681 199.461884 497.132294 243.246246 533.220215
P0151 0.030702 183.741104 474.209167 211.799179 496.384094
P0151 0.00529 282.429413 567.032898 321.197357 591.155334
P0868 0.047194 796.285767 2110.654053 843.723389 2161.960449
P0868 0.017081 2513.205811 1961.591431 2551.962646 1977.791992
P0868 0.015383 2421.190018 8.376608 2473.096481 42.810638
P0868 0.013262 3098.713196 1417.481895 3115.376404 1482.182617
P0868 0.012414 1464.315613 1593.057007 1506.345886 1615.016113
P0868 0.011804 1469.893616 1800.430878 1504.397888 1816.786652
P0868 0.011803 1473.736816 1834.178284 1504.680054 1853.204773
P0868 0.01149 783.530029 2136.66748 834.016357 2173.971313
P0868 0.009371 678.898438 2107.335388 701.073364 2135.034363
P0868 0.008469 680.417725 2068.795532 700.154053 2102.92334
P0868 0.008468 1469.067749 1678.463684 1505.099365 1698.224426
P0868 0.008228 1466.923035 1758.086029 1502.737 1774.860321
P0868 0.007087 2180.797089 1906.369019 2241.264862 1930.254517
P0868 0.006826 2184.285309 1955.028198 2235.204926 1978.952515
P0868 0.006703 925.0 2054.403015 1034.018944 2255.979919
P0868 0.006627 2518.10199 1999.159363 2542.523865 2011.369202
P0868 0.006382 1468.282227 1637.811523 1502.904175 1657.730591
P0868 0.006249 1916.769165 6.761373 1941.778564 20.252241
P0868 0.006046 2390.934265 1117.776474 2674.83197 1474.894104
P0868 0.005981 140.080078 2.621255 188.273865 27.28928
P0868 0.005607 651.493835 2105.039978 670.160583 2140.713318
P0868 0.005327 757.19635 2158.160461 781.73468 2175.961121
P0868 0.005164 714.367065 2110.278992 733.345947 2134.728577
P0868 0.005069 222.607101 449.666626 535.365295 689.691162
P0867 0.018197 1401.870667 1437.853699 1430.911926 1459.398743
P0867 0.016943 1323.184662 1446.326904 1351.725494 1477.587036
P0867 0.016678 561.731079 152.767273 604.888794 199.146362
P0867 0.01621 1204.682648 1398.401581 1228.312775 1420.174286
P0867 0.014887 918.725586 1350.30304 939.427612 1371.080872
P0867 0.013226 1365.568787 1436.935425 1387.273682 1458.602783
P0867 0.013073 1243.152252 1394.458008 1265.922028 1417.156128
P0867 0.012442 2536.952942 1796.995178 2559.947693 1821.374573
P0867 0.012039 1979.149124 1782.805664 2023.379257 1819.934326
P0867 0.011289 1198.454529 1378.318695 1225.970337 1399.468475
P0867 0.010429 796.442688 1343.801331 824.233215 1370.940857
P0867 0.010143 1164.563736 1402.093292 1188.497437 1424.461639
P0867 0.009789 1923.874954 1622.330139 1949.440506 1651.224548
P0867 0.008969 925.0 323.597626 937.611486 357.292389
P0867 0.008917 2183.362549 1853.252991 2218.577271 1878.19281
P0867 0.008889 2063.336456 1531.554321 2096.895355 1563.382446
P0867 0.008544 1253.259277 1443.67688 1273.792786 1460.122437
P0867 0.008455 749.962219 1345.529633 775.651794 1369.071198
P0867 0.008018 880.821045 1344.636993 899.056641 1363.090851
P0867 0.007798 544.622192 1439.739075 583.996704 1479.340027
P0867 0.007761 798.218323 1362.98291 823.356995 1381.687622
P0867 0.007577 1166.964554 1373.3573 1191.772095 1393.159546
P0867 0.007294 750.73938 1322.867828 779.107178 1347.76474
P0867 0.006971 477.031281 210.304916 497.49942 238.813431
P0867 0.006941 1330.159546 1469.87085 1352.098267 1503.975342
P0867 0.006898 1129.718018 1361.826508 1153.341766 1383.651703
P0867 0.006784 625.820129 1350.262238 658.576477 1385.83609
P0867 0.00618 1242.429565 1599.677551 1267.670654 1623.83551
P0867 0.00604 840.188965 1345.536926 858.645264 1369.602783
P0867 0.00594 683.152588 1335.569855 715.13562 1384.120453
P0867 0.005734 516.295959 129.371338 551.313782 165.249878
P0861 0.010612 578.361755 2312.750916 626.235046 2343.867371
P0224 0.008766 886.563965 1155.242432 909.695801 1196.195068
P0517 0.395387 624.960999 995.285645 677.03717 1035.25415
P0517 0.38258 462.809021 233.41655 511.23822 286.706421
P0517 0.34956 531.506805 77.719521 587.820099 140.881226
P0517 0.195078 260.846201 581.480225 315.335846 626.771118
P0517 0.091212 459.814423 1181.06366 509.771454 1196.0
P0517 0.090325 509.468506 168.722824 546.489502 212.501144
P0517 0.074538 218.326416 732.758179 269.016541 779.629272
P0517 0.05434 383.295135 362.895035 442.971588 421.2332
P0517 0.042802 417.776001 296.789612 465.619507 333.90329
P0517 0.038935 486.296661 30.637909 593.566528 146.244095
P0517 0.035129 442.950348 229.843811 479.32431 266.948822
P0517 0.032685 336.957611 431.220795 394.764618 479.255341
P0517 0.030815 343.887695 333.888611 378.833984 369.4151
P0517 0.027018 249.581572 591.073975 269.654005 623.795654
P0517 0.025913 345.958588 538.941833 386.310272 581.710266
P0517 0.023592 323.798645 344.886536 350.196533 371.753418
P0517 0.018553 357.780487 262.556847 387.81369 288.350365
P0517 0.018527 430.753784 196.031158 457.750671 231.242462
P0517 0.017913 241.994237 557.487671 258.611938 582.981812
P0517 0.016447 284.256653 659.40567 319.89447 684.78241
P0517 0.013963 273.08049 400.774353 407.029648 490.838806
P0517 0.011374 245.523036 571.300781 265.127033 600.996521
P0517 0.011221 624.901062 846.955078 661.73175 879.887207
P0517 0.010325 439.575165 130.013092 464.725189 155.626678
P0517 0.009861 439.68399 1167.271301 489.193329 1196.0
P0517 0.009796 358.462524 244.369827 382.41449 271.852325
P0517 0.008752 277.192322 692.778198 307.364685 720.386353
P0517 0.008685 324.126579 541.865967 350.176003 571.711304
P0517 0.007786 516.830444 255.375099 547.134888 288.110329
P0517 0.00739 239.0 540.424103 257.406803 567.763702
P0517 0.007277 243.174433 631.065796 254.008305 654.435913
P0517 0.007013 465.541412 134.139832 493.839081 158.642731
P0517 0.006758 248.603638 349.589447 282.860905 380.956818
P0517 0.005664 126.97316 761.091736 160.051102 791.603577
P0517 0.005399 387.358063 269.286316 500.326202 372.047943
P0517 0.005392 274.634766 729.456909 301.054565 762.465332
P0517 0.005092 268.912876 350.717041 304.543213 382.712646
P0317 0.022256 71.708656 215.28508 128.799286 282.289368
P0510 0.017274 668.143311 802.234985 695.856567 835.357178
P0510 0.012543 755.66449 190.266846 790.338562 218.25412
P0510 0.006813 823.849609 237.018372 856.736206 260.907715
P0510 0.00599 840.870483 205.601639 875.686035 235.083603
P0510 0.005575 668.594971 742.97821 696.640747 783.972107
P0510 0.005151 162.027344 520.083679 199.481262 551.159119
P0885 0.146141 663.247192 1222.922424 702.356323 1256.014191
P0885 0.045698 675.661316 1282.736008 704.694275 1313.488724
P0885 0.013122 711.270935 1274.756958 737.060974 1296.778534
P0885 0.011706 472.747009 438.425323 502.505615 460.088104
P0885 0.009565 556.371948 682.473816 582.069702 706.832581
P0885 0.008164 513.867004 633.084595 543.954163 664.91748
P0885 0.007989 621.972778 350.807159 662.800537 390.304718
P0885 0.006411 702.36084 1247.914276 735.40271 1274.688934
P0885 0.005976 752.780945 1268.50708 783.335266 1299.992493
P0885 0.005451 712.59259 1287.644623 736.743591 1307.134979
P0885 0.005147 748.66748 1321.037125 781.09082 1344.18895
P0885 0.005083 615.075806 1132.377563 649.356567 1162.046783
P0884 0.655448 759.676025 872.094299 822.301636 931.892639
P0884 0.016356 279.853912 784.106262 313.181122 817.072327
P0884 0.011081 398.876495 821.90033 440.38028 848.037903
P0884 0.010999 314.776306 792.797363 344.21521 809.671875
P0884 0.010691 398.046509 879.726562 437.38147 900.925293
P0884 0.009869 534.859863 698.56665 825.637939 967.759033
P0884 0.008899 196.015457 722.578003 222.986618 746.35144
P0884 0.008089 283.752686 761.231262 311.967285 783.602112
P0884 0.007844 874.990051 1246.006531 896.302673 1269.681824
P0884 0.006458 591.186584 771.488068 632.058411 807.037079
P0884 0.005826 1.0 604.018097 23.653736 636.857269
P0884 0.005555 351.162445 830.34375 389.56076 854.272583
P0883 0.009028 823.87677 10.941971 888.492981 52.756317
P0883 0.005446 560.812622 156.035568 591.082275 188.511734
P0888 0.034888 1286.157288 116.258957 1304.731079 134.723389
P0888 0.018302 1490.533691 126.921265 1511.911743 141.072083
P0888 0.008618 1252.642822 118.364059 1272.394531 134.991104
P0888 0.007246 4208.257996 864.142761 4245.424744 878.590515
P0888 0.006245 5870.050537 155.855103 5908.092651 187.359863
P0453 0.014559 703.99707 347.375092 749.347778 369.216827
P0091 0.013038 265.888 872.060059 295.333008 912.155884
P0091 0.007173 256.507812 522.483398 316.844482 547.61969
P0878 0.018815 392.35675 1278.866394 445.773499 1316.714294
P0878 0.016031 2177.86441 1755.146973 2210.582611 1786.431763
P0878 0.015855 420.735382 1203.015991 474.330414 1249.31073
P0878 0.010248 1637.238403 40.029289 1754.83313 139.141113
P0878 0.00935 1714.992065 328.178375 1745.082031 341.627899
P0878 0.008566 3783.340797 322.403076 3811.206154 352.017456
P0878 0.007258 1681.283752 316.242615 1704.277283 331.639832
P0878 0.006949 1722.313599 363.481323 1745.519653 381.626465
P0878 0.006889 562.779846 1154.223312 663.877136 1272.984375
P0878 0.006668 3008.270554 448.603485 3038.157318 462.002106
P0878 0.005399 321.81192 1238.379898 346.980438 1261.778488
P0878 0.005314 1641.109985 319.146332 1664.861938 335.912994
P0878 0.005007 548.427185 1193.835236 588.710754 1241.875092
P0879 0.140363 835.658142 1441.886902 860.095032 1463.929626
P0879 0.107399 2493.164246 1593.692444 2525.199585 1618.549255
P0879 0.07482 835.769348 1412.997131 860.645325 1433.534546
P0879 0.072146 2138.758514 1452.116638 2164.000702 1469.735657
P0879 0.058299 2137.80899 1476.674133 2157.238983 1491.443542
P0879 0.052958 2397.450806 1438.006165 2424.728638 1452.155579
P0879 0.035502 869.447998 1444.208252 891.025879 1457.630005
P0879 0.034842 2406.179718 1567.307495 2431.883423 1576.845459
P0879 0.032009 2498.277954 1574.885315 2521.8125 1592.041199
P0879 0.030843 3124.137085 2166.887085 3163.258911 2202.045166
P0879 0.029747 2460.754059 1491.01178 2477.68924 1504.020813
P0879 0.027449 2407.693024 1528.301697 2427.458466 1551.562683
P0879 0.027359 3153.237549 2206.987549 3192.683594 2242.695435
P0879 0.026632 1235.395721 1129.550858 1270.684052 1149.521194
P0879 0.025652 840.244446 1483.996582 859.545715 1497.284424
P0879 0.025368 840.514587 1531.381592 862.151672 1542.924805
P0879 0.025237 2450.947632 1445.077942 2471.111664 1455.596375
P0879 0.024488 2166.248535 2109.911499 2214.011108 2168.425537
P0879 0.024478 2459.024551 1570.077271 2478.663818 1580.05481
P0879 0.024267 2287.254761 360.983185 2330.628204 392.502045
P0879 0.021087 868.976868 1532.942932 896.111755 1550.014587
P0879 0.02094 673.479492 795.722168 693.797119 809.960938
P0879 0.020786 2530.275391 1525.622375 2557.308167 1551.818787
P0879 0.019328 2328.928391 319.399261 2357.702377 347.447968
P0879 0.018886 1406.766785 1209.822388 1431.197327 1222.816895
P0879 0.018767 2296.283356 1455.901184 2317.877838 1466.032288
P0879 0.018708 795.786804 832.578125 822.901306 856.468262
P0879 0.01804 2295.993622 323.54892 2336.192276 349.059235
P0879 0.016675 2525.807007 1555.595459 2555.025085 1580.732544
P0879 0.016576 1752.877502 483.46756 1779.633972 508.019806
P0879 0.014708 2366.069214 475.606384 2391.731079 500.026794
P0879 0.014251 719.156311 798.30011 746.97113 821.362244
P0879 0.014239 2855.468262 2428.714905 2870.151489 2464.451599
P0879 0.014225 3122.268311 2201.696472 3151.455566 2232.124695
P0879 0.01415 797.796143 1447.135376 817.454712 1465.247681
P0879 0.013963 753.156128 1438.238281 779.781372 1460.891113
P0879 0.013934 2677.825684 273.489746 2712.849243 309.709534
P0879 0.013412 2460.623703 1525.05304 2476.906189 1540.051819
P0879 0.012959 2380.446075 1442.30835 2404.525604 1451.476929
P0879 0.012582 703.628174 2158.235962 737.231812 2182.148926
P0879 0.012031 1644.821045 1253.827515 1671.139893 1272.454651
P0879 0.011799 2129.008087 2167.572815 2160.363129 2189.840393
P0879 0.011576 2252.872272 367.476074 2304.541275 405.184509
P0879 0.011241 1715.525696 1329.286438 1743.189026 1345.234985
P0879 0.010849 2500.149597 1451.212524 2525.903198 1471.036255
P0879 0.010738 793.212219 1412.390106 813.934143 1424.855316
P0879 0.010704 673.884094 754.377075 703.786072 776.119019
P0879 0.010293 755.52594 1490.732849 776.96759 1507.280334
P0879 0.009991 903.362732 2086.598328 930.264832 2113.684998
P0879 0.009323 1790.652466 510.31543 1822.135986 538.346313
P0879 0.009263 1496.056824 2411.489014 1522.453186 2436.678467
P0879 0.009262 833.479553 808.159485 854.6474 825.840027
P0879 0.009222 871.295837 1417.653564 893.228699 1433.425659
P0879 0.009152 2377.389664 1478.124268 2401.507339 1503.894531
P0879 0.008923 2810.101074 2429.953491 2830.40271 2453.614624
P0879 0.008868 2525.930267 1611.470093 2559.039886 1637.704468
P0879 0.008695 2222.637739 1930.47998 2248.681145 1956.387756
P0879 0.008631 2169.85083 1480.114502 2180.308716 1498.295532
P0879 0.008594 2500.623657 1525.01178 2515.291016 1543.274597
P0879 0.008531 2248.704285 1453.699219 2267.867432 1467.664062
P0879 0.008505 1201.059967 1048.735832 1234.619171 1069.068222
P0879 0.008469 2244.670868 319.036224 2280.046829 336.616425
P0879 0.008421 782.856079 2198.015564 820.649902 2227.061096
P0879 0.008283 2163.975922 1450.87323 2180.672943 1465.124207
P0879 0.008186 875.614868 1485.706787 896.904663 1502.704834
P0879 0.008077 607.007019 795.785095 623.871155 804.221008
P0879 0.008067 907.631165 1569.691772 941.568787 1593.651733
P0879 0.008047 832.428772 1561.056763 864.675842 1575.801392
P0879 0.008007 2645.485168 91.982475 2666.567261 116.436943
P0879 0.007944 1836.982483 512.605957 1863.597595 536.514771
P0879 0.00784 2341.165085 298.438324 2370.383286 313.506134
P0879 0.007589 1239.273224 1609.269958 1278.371246 1646.671936
P0879 0.007551 1928.595718 544.742737 1962.28508 587.355164
P0879 0.007379 2460.257843 1596.337158 2487.081268 1618.938232
P0879 0.007377 1157.126251 1090.609726 1197.494812 1111.224899
P0879 0.007373 2008.885574 1449.258789 2029.456711 1465.208496
P0879 0.007282 1204.369995 1124.511108 1243.074951 1147.366669
P0879 0.007166 1400.986176 1113.889816 1434.082794 1162.739914
P0879 0.007075 1083.093552 122.032104 1107.381424 153.974091
P0879 0.006957 2130.457336 2131.827881 2157.828796 2159.630981
P0879 0.006918 1966.742592 1479.504761 1996.962677 1504.401245
P0879 0.006715 2208.280365 1484.006226 2237.986908 1509.794312
P0879 0.006703 2380.884232 1525.336548 2408.637619 1546.83252
P0879 0.006591 2613.750519 122.689209 2643.879242 150.205719
P0879 0.006583 753.749084 1410.573425 777.913879 1422.341064
P0879 0.006522 1934.758942 394.693085 1967.17717 428.286407
P0879 0.006452 2756.598755 315.25415 2783.505859 342.652161
P0879 0.006334 2566.373535 1528.10022 2598.950317 1547.718506
P0879 0.006292 1241.398224 1092.946121 1273.488556 1112.620621
P0879 0.006279 747.584534 794.450012 775.717712 820.407654
P0879 0.006241 2216.587239 1975.825989 2238.861294 2004.969971
P0879 0.006107 2797.567444 328.638916 2824.202698 352.566833
P0879 0.006098 1705.36377 430.91037 1746.335693 466.451019
P0879 0.006012 752.246094 830.542664 776.268433 845.396301
P0879 0.006009 1970.458046 482.359711 1997.430664 499.723602
P0879 0.005969 796.890015 867.974243 827.689941 887.651367
P0879 0.005853 1204.942688 1101.103577 1231.088013 1115.030884
P0879 0.005841 2562.739502 170.022583 2592.011719 191.914642
P0879 0.005704 2133.516449 1407.897339 2159.127533 1427.229065
P0879 0.005551 800.746765 1487.130432 812.688171 1498.30365
P0879 0.005497 2211.864075 1447.873474 2232.055725 1463.215515
P0879 0.005485 1227.40097 1638.265991 1283.505402 1661.7948
P0879 0.005383 795.6828 806.919373 816.244324 826.177429
P0879 0.005348 711.273865 2247.057861 747.748108 2275.650391
P0879 0.00523 790.701416 1558.785767 820.325684 1576.634399
P0879 0.00515 1678.674316 1321.259583 1703.031616 1336.963501
P0879 0.005 2755.072266 287.549347 2779.839722 313.551483
P0871 0.148186 1382.122894 749.045532 1416.860748 793.458252
P0871 0.005927 2084.640808 210.251831 2110.462463 222.88031
P0871 0.005747 1996.16803 246.514404 2029.785706 266.786896
P0871 0.005722 2366.65509 2007.915771 2378.31781 2034.037628
P0871 0.005299 1461.939331 1210.894165 1503.075806 1247.256531
P0872 0.040087 1.376032 342.29538 33.652153 378.99826
P0872 0.030809 6.222776 335.001282 17.635695 368.12439
P0872 0.023807 932.100498 426.156158 972.887085 453.476593
P0872 0.022501 977.996155 479.230194 1018.135559 507.870758
P0872 0.014458 28.843437 349.386322 81.90728 387.668304
P0872 0.012817 950.971535 424.110779 1008.775658 456.369446
P0872 0.006843 1032.405762 668.692505 1081.674377 694.731079
P0872 0.006169 2131.122314 1049.050537 2187.926025 1079.329712
P0872 0.005581 974.825684 436.673981 1009.915283 452.467987
P0873 0.034673 886.20697 1363.028442 910.242737 1385.02533
P0873 0.028308 790.782227 1207.514709 819.09729 1226.240234
P0873 0.020366 757.364685 1204.865631 780.535828 1219.316986
P0873 0.017203 589.981323 2248.507385 621.643433 2271.21991
P0873 0.013276 870.716858 1326.241821 893.328308 1340.262451
P0873 0.013107 643.56958 1046.528893 666.775024 1066.650528
P0873 0.012802 1478.947449 1164.310181 1517.648254 1186.511169
P0873 0.011291 841.906128 1333.697968 866.506104 1352.45401
P0873 0.011157 668.994324 1049.400726 702.098694 1064.454132
P0873 0.010725 314.794525 1483.256042 347.042023 1513.323181
P0873 0.010226 747.305847 1172.104996 774.663513 1188.957184
P0873 0.00964 633.845093 1243.832123 667.127808 1272.924408
P0873 0.009491 560.605835 2254.399689 589.555786 2273.744537
P0873 0.009031 854.266205 1327.430969 879.285187 1342.39325
P0873 0.008814 681.183411 1008.42881 708.591736 1030.584633
P0873 0.00868 1481.048157 1135.415726 1516.812439 1155.617661
P0873 0.008639 677.508301 1217.327423 700.039185 1235.266266
P0873 0.007801 552.582336 2322.785156 586.53363 2340.947815
P0873 0.007696 596.558655 2297.175873 625.336609 2316.402924
P0873 0.007481 631.869263 2370.647949 672.443481 2391.918091
P0873 0.007451 775.452011 1211.764496 803.258713 1226.311127
P0873 0.007226 277.323975 608.534363 304.852417 634.149963
P0873 0.007183 121.118011 594.110474 149.093292 612.625977
P0873 0.006706 394.519318 2092.05072 428.540192 2113.608002
P0873 0.006587 555.574097 2294.754425 588.491577 2312.088715
P0873 0.006251 593.961548 2372.784973 627.027588 2388.049377
P0873 0.006207 391.159149 2055.497452 425.671844 2077.296066
P0873 0.006077 512.705566 2208.478607 547.847656 2232.038239
P0873 0.005737 364.316223 1485.357666 385.565979 1510.564575
P0873 0.005723 714.725403 1176.152832 748.804138 1196.487854
P0873 0.00557 899.326477 1371.536285 927.036682 1391.359772
P0873 0.005364 555.75177 2286.723885 586.15863 2300.673973
P0873 0.005363 1315.400879 42.268372 1353.211182 70.161514
P0873 0.005342 1357.959351 2005.896347 1397.0177 2032.320511
P0873 0.005243 510.570801 2251.182251 547.882568 2272.012634
P0873 0.005227 665.762329 2369.940063 703.917603 2397.490845
P0873 0.005096 287.172607 557.927368 311.273254 574.226074
P0874 0.023222 861.389343 2158.50116 893.971497 2191.121887
P0874 0.013432 943.502136 519.26532 982.029968 553.157776
P0874 0.01077 1192.620178 241.05191 1228.338928 263.817841
P0874 0.007549 839.980835 2156.443237 871.225769 2194.482788
P0874 0.00672 999.128418 527.657776 1029.103271 553.342102
P0874 0.005795 983.491943 564.288025 1021.765747 584.515198
P0875 0.083218 2317.16449 873.248474 2358.554871 907.67218
P0875 0.08275 1569.122969 602.493103 1598.364998 639.499817
P0875 0.069794 2298.970886 872.482178 2321.181335 893.489014
P0875 0.055609 2340.61322 880.545715 2384.097961 914.757019
P0875 0.05197 293.303284 531.341125 320.603333 549.799377
P0875 0.033753 2315.992126 841.214973 2359.64801 873.044739
P0875 0.027439 932.062548 1473.539978 961.466637 1506.221985
P0875 0.023136 2207.403564 901.312805 2251.956543 934.980164
P0875 0.020891 2345.754578 846.707588 2381.184265 875.429306
P0875 0.020846 2292.358582 839.432983 2321.2276 858.187012
P0875 0.020752 162.687225 521.146729 189.405182 545.711914
P0875 0.018676 2319.554138 895.413513 2371.367737 931.300476
P0875 0.017423 1018.237968 951.803711 1043.81321 980.934448
P0875 0.01742 324.38031 422.904846 362.089478 454.735229
P0875 0.017001 2125.28186 122.621475 2151.922729 143.41069
P0875 0.015639 1592.286743 392.814026 1631.881348 422.166748
P0875 0.015323 582.978455 903.720337 615.425598 923.465851
P0875 0.015055 87.943909 707.204163 117.05014 732.642029
P0875 0.014538 2344.716919 826.29895 2381.858032 856.86438
P0875 0.014501 1876.480225 130.518829 1904.168274 149.159271
P0875 0.014462 1057.949615 209.275208 1082.662323 224.247772
P0875 0.013852 320.057281 491.055908 357.267609 506.813599
P0875 0.013754 118.212959 751.093628 155.158051 770.673462
P0875 0.013671 1119.103241 246.144623 1147.476868 270.425629
P0875 0.013567 802.697083 202.786865 829.944885 220.472931
P0875 0.012287 2203.379883 885.48407 2245.419434 911.171448
P0875 0.012206 2090.724548 317.262268 2121.924377 337.29834
P0875 0.011228 2295.043823 848.97921 2321.234253 872.03038
P0875 0.011185 1129.981873 323.360474 1161.889557 346.091248
P0875 0.011132 129.854172 513.134277 151.852341 548.281006
P0875 0.010908 1036.837143 138.432022 1069.787704 154.092361
P0875 0.010034 1965.712311 87.216881 1992.385345 97.769264
P0875 0.009894 155.837204 757.612061 183.945816 773.727661
P0875 0.009303 91.109497 758.790039 121.058823 775.774292
P0875 0.009114 1646.666382 402.615112 1670.259888 419.274231
P0875 0.009106 572.572876 961.530563 624.910645 992.024597
P0875 0.00885 754.625061 179.285858 777.266663 192.323883
P0875 0.008808 2000.377686 317.518005 2025.762939 338.142212
P0875 0.008376 2342.81488 796.661743 2373.740662 831.343994
P0875 0.008305 2316.388123 823.262207 2363.491882 849.624512
P0875 0.008154 2051.354065 284.319183 2068.828491 297.083527
P0875 0.007758 2123.644226 168.952271 2156.976013 196.210846
P0875 0.007667 314.783051 537.407776 346.160431 553.179504
P0875 0.006904 1920.255951 308.864594 1935.62796 345.146271
P0875 0.006856 908.5896 180.670944 926.621216 190.848801
P0875 0.006839 115.192841 722.178406 155.686096 741.749573
P0875 0.006797 1083.179718 213.45697 1112.240479 234.367767
P0875 0.006294 1404.475739 514.020386 1432.273529 535.508789
P0875 0.006246 323.182648 555.966614 350.404999 571.563538
P0875 0.006223 550.565308 897.164261 598.248901 920.389084
P0875 0.006193 993.752136 1400.281677 1017.550598 1426.358826
P0875 0.006023 1768.724106 1519.961487 1794.985397 1549.486633
P0875 0.005861 1924.452637 92.360191 1951.809692 107.174553
P0875 0.005764 2084.205383 243.836227 2110.552063 253.12825
P0875 0.005738 2039.139191 358.820374 2071.571747 380.103149
P0875 0.005697 2150.642761 941.972961 2196.964294 988.868958
P0875 0.005575 1667.84668 448.064453 1703.976929 467.612976
P0875 0.005332 1957.443848 268.718353 1984.628296 301.568695
P0875 0.005299 712.056763 94.743561 742.665161 117.056717
P0875 0.005285 1769.468033 316.044769 1800.531662 341.822174
P0875 0.005265 2226.736023 885.361877 2269.507996 908.249695
P0875 0.005224 1555.982117 548.316162 1590.198059 570.201294
P0875 0.005201 958.531891 1484.950439 1000.429405 1511.28894
P0875 0.005181 793.748108 175.742035 820.985168 188.499695
P0340 0.009747 2049.542191 172.948135 2081.692032 200.034256
P0340 0.008001 1667.188721 258.396088 1703.210449 283.775726
P0340 0.007692 1316.445129 386.311006 1354.757263 409.68829
P0340 0.006544 2089.983673 166.191208 2119.445892 205.054123
P0340 0.005195 1402.735046 163.607117 1444.373352 200.912781
P0346 0.022639 701.672607 1725.039185 736.034302 1742.206787
P0346 0.016307 3454.624268 2725.562256 3486.186157 2753.811523
P0346 0.015029 3063.854218 2126.950043 3314.826721 2337.255859
P0346 0.009091 3404.743408 1753.317322 3435.510498 1785.909363
P0346 0.008119 753.821716 1722.795898 793.915222 1741.153442
P0346 0.007643 1322.648956 161.608826 1355.339386 190.833191
P0346 0.006517 2121.858856 2561.576721 2157.741425 2603.198547
P0346 0.006434 1400.367096 202.871582 1446.193665 224.487152
P0346 0.006332 324.785675 1480.408081 362.168793 1503.869995
P0346 0.00542 711.465698 1441.091064 753.22168 1470.185547
P0346 0.005413 1320.103821 243.313156 1350.179504 272.521759
P0346 0.005321 2402.418518 2021.319016 2432.532776 2059.688782
P0346 0.005242 3549.480469 1122.59964 3601.10376 1169.94281
P0346 0.005196 624.171021 1716.43512 661.081055 1741.161926
P0346 0.005163 3517.105286 1127.521988 3566.137634 1164.13591
P0346 0.005116 3516.166382 1154.619278 3560.819824 1199.994995
P0344 0.020643 1639.396667 1894.806091 1677.778503 1921.122742
P0344 0.007992 1247.812378 1725.662354 1284.35376 1776.372681
P0258 0.114545 837.267456 4.770888 870.74231 32.461727
P0258 0.016492 889.227234 11.200526 886.0 34.632851
P0258 0.005971 46.233215 754.098267 77.771774 775.173218
P0349 0.215141 654.568115 2424.800476 723.704834 2490.247498
P0349 0.009849 2341.939758 188.237244 2392.705017 247.309174
P0504 0.047577 244.389099 762.376892 271.530579 785.610168
P0504 0.014658 241.239258 783.842041 266.566376 809.486816
P0504 0.010731 274.1492 764.207275 294.693512 784.559204
P0504 0.009338 31.513283 912.080414 155.811035 1057.445007
P0504 0.006688 1532.136536 471.603088 1572.131653 500.22699
P0504 0.005663 1528.984802 513.757385 1574.097107 533.798157
