P0896 0.172285 9.517251 1845.979095 25.843708 2049.653198
P0896 0.006387 1.0 1182.835358 12.138062 1237.94339
P0085 0.006662 1911.195862 2147.876831 1938.600159 2504.345093
P0087 0.137804 900.065002 2053.233826 1016.031189 2229.660828
P0087 0.029326 990.805542 1872.382713 1123.313904 2022.451355
P0087 0.016594 937.59478 1872.219086 1188.583405 2333.77832
P0087 0.015988 758.759827 1939.802139 1005.842224 2271.419617
P0087 0.012116 2781.684147 3705.044804 2862.516052 3759.215954
P0087 0.012088 959.305679 1734.419312 1325.59082 1948.0
P0087 0.007267 864.561768 2592.065735 981.908081 2725.636902
P0087 0.005949 2158.573822 963.414062 2234.706024 1024.0
P0087 0.005824 1120.90152 3439.295776 1239.723419 3564.777344
P0083 0.092196 4294.877686 2162.411316 4478.015137 2343.486389
P0083 0.069451 1703.601501 1084.936081 1810.509583 1195.157898
P0083 0.054733 906.13916 1307.848083 951.674805 1385.794556
P0083 0.019281 4696.319275 2815.578094 4720.0 2926.65332
P0083 0.013887 4229.762817 2526.033691 4390.039795 2699.193115
P0083 0.012746 992.565063 1388.400665 1019.551514 1440.05304
P0083 0.009312 4649.836914 2791.41415 4680.995117 2868.596725
P0083 0.008836 2862.296783 3061.611908 3018.635651 3160.995575
P0083 0.007652 197.053619 224.869156 298.137238 309.988525
P0083 0.007647 4356.483887 1849.0 4699.698486 2062.135956
P0082 0.93244 3515.94165 2777.359421 3616.074707 2932.826782
P0082 0.923503 3313.270142 3074.147186 3408.600098 3266.379852
P0082 0.909573 3385.999756 2392.658447 3483.971069 2602.882812
P0082 0.909565 3187.826324 2785.188744 3289.663208 2925.708313
P0082 0.907639 3168.184387 3075.32605 3261.842285 3264.356995
P0082 0.907631 3539.774048 2401.130554 3636.831177 2598.159729
P0082 0.905186 3702.671829 2403.914429 3787.553802 2606.661255
P0082 0.901865 3835.386566 2853.402748 3932.847015 3051.128998
P0082 0.901306 3009.879684 2773.0 3103.123779 2969.246246
P0082 0.901099 3632.102844 3080.574127 3732.041565 3263.7341
P0082 0.900416 2866.467224 2773.635727 2956.4375 2969.522385
P0082 0.899899 3460.133057 3074.381042 3546.64624 3268.020081
P0082 0.898419 3336.341675 2732.64801 3432.790039 2872.0
P0082 0.891598 3829.105331 2408.179321 3930.370255 2604.636963
P0082 0.889295 3247.152466 2405.56958 3339.48999 2592.309448
P0082 0.887143 3809.804947 3158.144714 3908.639847 3349.537781
P0082 0.885552 2947.492355 2386.333984 3054.091125 2590.510498
P0082 0.884909 3659.637512 2776.156006 3758.429749 2941.34726
P0082 0.879572 3979.214417 2866.773453 4083.522461 3047.243286
P0082 0.862092 3098.724579 2394.916626 3193.316803 2584.44873
P0082 0.778602 3976.127045 2419.878784 4075.783844 2595.984009
P0082 0.656688 3848.498962 2853.637573 3912.182617 2870.432739
P0082 0.396601 3698.303926 3110.618927 3721.857317 3265.241852
P0082 0.378378 2418.070312 2239.17749 2494.868652 2388.184265
P0082 0.336849 2457.480042 2432.218506 2551.545959 2586.307129
P0082 0.162039 3996.203247 2851.394958 4063.543762 2868.965149
P0082 0.137928 925.059034 940.198853 970.396088 1006.01001
P0082 0.132558 1440.357788 956.441406 1576.821899 1021.884521
P0082 0.125389 2383.184143 2429.705811 2454.794495 2570.970581
P0082 0.084251 2817.590614 3483.930176 3059.703125 3684.472412
P0082 0.078331 1023.25515 4405.214142 1089.635437 4446.280731
P0082 0.073747 3790.038757 2728.838562 3796.0 2825.570129
P0082 0.06187 2492.818359 2269.599091 2571.402222 2413.633423
P0082 0.057077 2776.180847 3563.05896 2867.596985 3737.714966
P0082 0.05314 2274.731628 2848.259247 2565.361877 3215.239166
P0082 0.052059 3832.473572 2802.635681 3901.717163 2827.874817
P0082 0.047613 2573.682434 2466.194031 2655.852966 2603.75592
P0082 0.039827 2606.8797 2266.369354 2689.492126 2416.679565
P0082 0.038863 1765.232788 2138.677002 1936.29248 2376.822021
P0082 0.038246 3445.793457 2773.0 3486.35376 2970.508057
P0082 0.037439 2799.770386 3615.803955 2846.364258 3691.488281
P0082 0.027075 3783.376343 2773.0 3792.58728 2952.108124
P0082 0.021344 3726.523838 2790.418083 3761.846161 2937.884644
P0082 0.018224 2790.345394 3706.934985 2860.879059 3738.201687
P0082 0.017327 4693.062958 1420.427399 4751.672333 1505.668152
P0082 0.017118 3639.447998 2398.908936 3686.417114 2614.363159
P0082 0.017098 3366.109497 3842.52771 3702.544189 4050.315857
P0082 0.015456 2586.117188 2511.600769 2635.796021 2568.349792
P0082 0.015406 2780.501404 2800.893478 2819.719791 3023.47084
P0082 0.014162 2833.018494 3613.361389 2869.122864 3698.646423
P0082 0.013992 2795.96096 3720.614901 2854.689903 3773.095848
P0082 0.013891 1868.18338 2227.010925 1942.39418 2366.561768
P0082 0.013148 1907.154427 2190.541565 2146.887604 2582.461243
P0082 0.01303 3205.818939 2747.418823 3261.810516 2860.685425
P0082 0.011862 2405.358093 2297.654236 2443.574646 2386.144043
P0082 0.011641 2548.950684 2491.840698 2584.984253 2572.97229
P0082 0.010167 862.268494 907.419861 971.112244 1012.578186
P0082 0.009637 2950.517181 2778.60585 3025.138458 2975.563965
P0082 0.009067 1532.899475 4056.97879 1589.457092 4134.090485
P0082 0.008994 879.838074 939.90332 989.335022 962.108498
P0082 0.008992 1453.838135 1849.0 1787.465454 2042.129288
P0082 0.008506 2773.0 3699.87002 2815.677925 3733.177567
P0082 0.008005 1257.19754 941.003479 1338.637054 1013.015564
P0082 0.007376 3697.0 2591.007812 3777.780342 2872.0
P0082 0.007131 2364.495789 2125.479431 2546.17865 2480.684875
P0082 0.006936 2272.396423 3925.942856 2345.265564 3992.000549
P0082 0.006698 980.50592 915.824402 1018.115417 1022.311584
P0082 0.006682 1689.638794 2206.616608 1847.572021 2393.750244
P0082 0.006516 1194.161591 925.131958 1232.3508 1014.217651
P0082 0.006225 2407.720093 2329.443359 2591.526611 2665.616089
P0082 0.006051 1489.896362 1853.91338 1650.690186 1967.577286
P0082 0.005801 3029.376251 2810.915894 3104.277313 2869.897949
P0082 0.005462 3196.581146 2403.747925 3249.964142 2592.784424
P0082 0.005307 2730.738403 1851.832297 2800.28833 1863.081017
P0082 0.005264 3926.298798 2847.713158 3976.727631 3062.459991
P0082 0.005166 3815.719437 2820.623413 3942.943314 2867.432983
P0489 0.929352 614.017395 134.292252 707.70929 307.891968
P0489 0.901921 303.372467 233.426285 406.446503 417.049438
P0489 0.897397 260.832275 558.469604 354.322388 737.093262
P0489 0.882142 501.121826 116.761223 604.849365 305.685089
P0489 0.88007 144.825943 543.151733 252.064957 723.010864
P0489 0.845569 194.063858 218.823227 288.635315 408.971558
P0489 0.061325 795.239197 584.946533 907.0 829.0
P0488 0.916842 212.497131 217.215759 352.546814 414.462402
P0488 0.878294 648.138672 359.025909 778.877441 542.731506
P0488 0.871281 434.495422 288.938507 564.12616 476.935944
P0488 0.86808 538.828735 320.442993 671.317993 511.36908
P0488 0.859265 325.414124 251.494812 460.194214 445.489624
P0488 0.457925 598.991455 147.927383 829.241211 310.67865
P0488 0.007536 672.13324 181.514755 753.099915 272.599121
P0241 0.895705 235.764618 474.360535 415.544891 648.80304
P0241 0.893397 668.646118 624.777771 859.395996 785.144104
P0241 0.887918 378.477905 230.021255 557.746765 397.061081
P0241 0.881298 454.91803 310.911957 631.643372 490.781647
P0241 0.86183 167.839378 392.018341 339.56778 554.374176
P0241 0.851705 542.422241 436.872833 704.210693 606.666748
P0241 0.849064 403.614197 701.914917 558.974304 857.551147
P0241 0.847099 610.798889 542.118408 786.477234 697.442871
P0241 0.839261 332.877289 600.750122 499.651276 762.562866
P0241 0.83178 469.437744 793.888062 639.330688 950.773804
P0241 0.013193 354.153137 620.660645 600.983704 955.171143
P0241 0.011621 245.971069 434.625244 322.637451 502.049988
P0241 0.010922 677.997314 592.180389 757.955688 659.291382
P0241 0.010092 463.415253 751.792419 545.116119 817.660828
P0241 0.007237 596.97113 485.925385 685.353577 562.344727
P0241 0.006644 422.675995 270.779099 531.564789 343.125809
P0241 0.005229 375.236267 764.383789 466.353821 889.342285
P0000 0.060454 2367.767456 4827.627319 2714.7948 5288.849731
P0000 0.027185 1550.071167 4504.655361 1656.01416 4597.416168
P0000 0.011757 1437.511108 4493.477692 1692.439453 4831.489075
P0000 0.008963 3125.39856 5011.741943 3405.115356 5473.713257
P0000 0.008465 2858.775192 4924.182159 3124.13501 5408.81897
P0000 0.006588 1849.0 925.0 2063.170319 1332.710144
P0002 0.074175 1433.576385 116.669266 1565.392029 148.455673
P0002 0.049036 1913.55191 1934.048828 1970.3909 1948.0
P0002 0.018947 1763.1539 1938.597595 1815.629852 1948.0
P0002 0.01339 1431.986877 1936.398376 1478.06781 1948.0
P0002 0.012118 1886.466248 1935.9776 1936.191589 1948.0
P0002 0.01095 1803.37561 1938.170654 1851.782166 1948.0
P0002 0.010919 1511.69165 1937.198059 1558.069824 1948.0
P0002 0.009736 1539.159699 1446.523376 1557.419903 1500.709595
P0002 0.009651 1389.796722 1936.125488 1441.207886 1948.0
P0002 0.006827 1321.276855 1930.92627 1353.981384 1948.0
P0002 0.005944 1907.776672 1425.288971 1945.328918 1517.026886
P0481 0.966768 140.943054 212.490051 348.182587 403.110779
P0481 0.959117 375.330933 394.073883 582.404419 542.70459
P0481 0.916525 80.458771 320.383087 281.674164 477.416534
P0481 0.909123 301.431213 489.225586 529.138123 634.552979
P0481 0.006322 305.00351 347.789642 352.384064 384.68808
P0481 0.006118 448.593018 442.484497 517.105408 493.903381
P0481 0.005533 222.008453 279.035065 289.186005 340.018524
P0160 0.017142 1473.649414 2265.7771 1510.769409 2305.222473
P0160 0.007482 1511.067932 2258.711365 1551.434875 2309.000549
P0482 0.809574 366.87149 557.717163 516.469727 751.237793
P0482 0.794837 78.139503 371.998383 228.991943 570.988281
P0482 0.789442 271.887817 488.551331 414.215942 688.934387
P0482 0.548599 174.599762 426.740356 331.435455 622.130005
P0482 0.152686 189.520569 174.570206 402.285706 375.277832
P0482 0.011385 413.004211 622.816772 466.832642 680.938721
P0482 0.010535 132.64209 444.040375 178.307526 501.884735
P0482 0.007869 313.461609 552.159912 363.409363 616.341064
P0482 0.006232 228.168579 512.685608 279.433167 571.472839
P0484 0.902936 396.618652 354.826691 488.850281 533.376465
P0484 0.896551 649.382935 330.339417 735.062866 507.711365
P0484 0.848664 273.44928 365.151306 367.151245 539.401489
P0484 0.84859 491.587341 67.865471 579.769836 248.861603
P0484 0.830766 383.504852 68.252609 473.936127 252.496964
P0484 0.820091 529.241943 349.67807 616.640869 534.001465
P0484 0.710399 151.335754 380.505066 239.992035 556.292969
P0484 0.680352 270.336243 79.190094 367.018616 265.041626
P0484 0.011748 556.177673 385.594574 594.937317 497.816132
P0484 0.009921 114.874474 285.442383 260.364929 664.317749
P0484 0.006636 283.050476 403.546539 331.090332 492.875885
P0484 0.005525 507.06308 182.389801 586.838684 267.664124
P0484 0.005439 278.836761 119.836075 323.025604 218.396805
P0484 0.005245 351.511505 491.423218 379.975861 532.917908
P0487 0.923461 153.19883 205.105659 291.89801 407.839447
P0487 0.913557 865.099121 748.12738 993.796021 916.196716
P0487 0.90876 447.191437 494.730957 559.793884 678.419006
P0487 0.907904 785.258911 416.34549 916.105469 596.451813
P0487 0.907431 46.923508 231.146408 162.718369 434.394165
P0487 0.904976 606.100281 121.837761 717.585754 310.772064
P0487 0.902616 354.285553 169.150436 474.188141 364.992859
P0487 0.900743 497.957764 818.560181 615.86438 1003.701538
P0487 0.898928 621.951538 788.039001 738.401489 974.798401
P0487 0.897569 728.489868 105.475685 847.384277 275.029938
P0487 0.884177 478.939331 141.998688 595.151001 342.118439
P0487 0.877953 749.079102 764.9729 861.815308 948.689819
P0487 0.877898 322.022369 519.929932 436.839081 711.432861
P0487 0.112505 99.0 246.321808 127.724655 363.276581
P0487 0.018423 834.046143 1117.941284 929.280029 1128.0
P0487 0.014466 99.0 97.803055 184.426064 559.331177
P0487 0.013816 1001.882507 759.912903 1024.0 886.981018
P0487 0.013539 468.203979 525.588867 522.741333 623.431396
P0487 0.010694 383.197449 402.490417 596.842651 748.159485
P0487 0.007431 674.210754 5.043488 865.917908 358.067017
P0487 0.006933 183.707901 252.439575 243.792068 366.4599
P0487 0.006699 821.240967 638.045166 1021.928345 1026.092041
P0487 0.006434 691.644043 656.220215 890.490601 1024.0
P0487 0.006054 502.116119 184.941536 565.236633 285.847626
P0487 0.005762 288.400726 197.053902 363.276764 373.967377
P0487 0.005423 344.672729 557.357239 403.369995 660.560608
P0487 0.005372 888.987 848.339478 1005.64447 957.097534
P0252 0.920854 735.664551 386.380798 851.13501 606.23407
P0252 0.913576 442.033325 1043.071533 567.874023 1245.662598
P0252 0.911192 1349.0448 1016.14679 1464.405884 1233.172424
P0252 0.907801 364.618469 746.932495 485.192322 951.891296
P0252 0.901218 603.62384 785.343872 718.293884 959.061646
P0252 0.897155 1030.067505 1100.615417 1137.965149 1310.676086
P0252 0.893277 950.534836 391.9254 1055.313309 521.172775
P0252 0.890925 738.916992 730.622009 867.190918 943.180725
P0252 0.881594 400.784058 439.929123 510.932434 615.68811
P0252 0.877619 600.283081 441.15889 714.014526 611.612976
P0252 0.87673 1168.317108 1066.795044 1275.400787 1269.883911
P0252 0.869339 681.982788 1086.339294 795.963013 1283.121643
P0252 0.868205 1486.758667 999.045288 1597.956177 1182.699341
P0252 0.866291 305.174377 1087.464417 434.254028 1280.153259
P0252 0.853001 1093.48053 363.008514 1201.491516 536.088074
P0252 0.842107 1079.2164 713.041992 1208.237457 918.271545
P0252 0.799377 228.875031 791.295593 349.87088 986.593323
P0252 0.797232 261.563721 464.083069 393.624451 652.703796
P0252 0.796968 824.950806 1086.273865 942.144043 1248.175232
P0252 0.546999 1488.147705 979.167297 1560.312134 1024.0
P0252 0.028091 275.740204 512.695175 338.876251 615.353149
P0252 0.020172 1652.557678 190.476227 1761.288513 265.438385
P0252 0.012468 870.256432 1089.220703 908.303337 1229.984375
P0252 0.011398 1014.541931 1110.262939 1024.0 1187.308228
P0252 0.008358 770.968323 772.369629 829.398254 903.083923
P0252 0.006722 1623.703613 1061.73175 1728.764893 1167.444641
P0478 0.035396 545.528625 91.0 829.125671 297.086731
P0479 0.941166 215.640747 383.267883 375.699219 565.058044
P0479 0.916941 309.320984 313.965851 473.687378 499.011322
P0479 0.899904 399.290344 243.878754 563.828308 436.021515
P0479 0.894066 487.417419 179.984802 652.023254 356.696838
P0479 0.891581 584.246643 106.353233 747.457703 297.374176
P0479 0.160869 478.667999 359.406006 574.814758 452.005554
P0479 0.074643 577.976562 285.269379 672.470093 387.422699
P0479 0.036825 302.060364 484.679932 401.046936 597.866211
P0479 0.031996 405.18399 427.519775 498.290131 526.131531
P0479 0.027256 673.99408 217.005157 774.589783 328.076263
P0479 0.007033 629.996216 168.145096 698.234619 237.864639
P0479 0.006432 429.571655 461.472717 485.356384 494.786743
P0479 0.006397 598.103271 318.70166 661.081421 360.505554
P0479 0.006105 353.60849 372.531128 427.043549 442.047607
P0152 0.081272 359.892578 373.10849 473.328003 488.550079
P0152 0.049631 389.974762 477.168427 454.025726 529.453613
P0152 0.014282 383.49884 398.856537 442.120605 457.322968
P0152 0.006677 262.348999 342.986816 572.464111 518.269104
P0255 0.070516 749.967957 844.756721 933.172302 1046.358276
P0255 0.014241 404.201721 1274.49176 657.182434 1715.21698
P0255 0.008406 458.539032 1380.024902 597.578247 1613.653564
P0255 0.006988 1071.001953 120.20517 1301.0 547.093628
P0255 0.006803 878.06958 605.721191 1024.0 848.543579
P0310 0.007453 2316.171936 1511.343323 2438.835266 1654.850647
P0159 0.012614 97.142708 403.039734 188.671051 496.24176
P0158 0.059664 2127.069357 1631.422668 2171.055397 1897.258118
P0158 0.024017 2121.860238 1797.599121 2140.77832 1905.563477
P0158 0.015168 1866.685917 925.0 1884.07946 1067.628403
P0158 0.010704 1875.160202 829.614929 1885.230751 1012.414368
P0158 0.007807 1735.05481 1196.123993 1806.83606 1216.563385
P0158 0.007585 2125.162628 1615.948425 2137.721745 1699.067688
P0158 0.006641 1083.943771 1371.864471 1115.986069 1524.885681
P0158 0.005141 469.492828 1952.785522 663.745728 2438.281006
P0158 0.005019 1759.337036 931.121668 1864.99292 979.259293
P0012 0.076414 1849.573078 1831.033508 1960.783371 1948.0
P0012 0.042081 1720.511475 1818.086121 1893.622559 1946.930359
P0012 0.021314 1573.005981 1711.648376 1822.075928 1917.281921
P0012 0.018871 1921.749878 1840.563843 1948.0 1945.85498
P0012 0.007327 1954.94809 1229.685883 2225.130463 1437.5896
P0013 0.005786 857.418579 762.602383 995.506104 866.763901
P0011 0.016501 347.466537 504.37482 364.313538 508.565142
P0254 0.006219 1714.507355 1.0 2002.417725 361.794312
P0493 0.799981 246.288239 101.976593 400.54776 268.257965
P0493 0.798465 156.753906 372.968109 303.831757 556.398682
P0493 0.789567 331.103485 172.286789 475.403595 331.7229
P0493 0.786944 240.976456 440.611328 398.294861 639.295654
P0493 0.784478 412.09137 236.655609 570.364197 423.154388
P0493 0.671788 73.216637 306.621094 222.147369 480.493774
P0493 0.009464 299.903229 153.481857 356.055817 203.115158
P0493 0.008249 203.844208 436.828918 257.212585 488.630676
P0493 0.006742 123.953476 416.322937 220.029953 523.680115
P0493 0.005883 117.111313 369.157074 169.751114 420.841766
P0493 0.0055 464.008484 303.900269 517.626648 357.591797
P0256 0.214101 257.0 7.015068 301.990082 166.590881
P0256 0.074761 1267.825867 370.959656 1280.0 476.112366
P0256 0.006892 324.923973 7.622765 443.007568 109.765015
P0256 0.005849 1269.524658 666.000366 1280.0 724.59668
P0251 0.024324 1252.876221 12.140884 1334.310608 21.539169
P0251 0.010854 1408.732178 12.159464 1484.131104 22.425745
P0251 0.009027 1316.348663 12.675397 1411.967163 21.402084
P0018 0.931517 835.43396 321.74884 936.052277 520.976318
P0018 0.919151 717.736023 309.744202 813.41449 522.143494
P0018 0.914216 601.26825 305.179382 692.187317 517.924561
P0018 0.891929 480.595703 311.921631 580.577881 509.993774
P0018 0.013885 1001.217041 356.243866 1023.598755 476.183136
P0018 0.011036 540.793213 676.094156 688.873169 686.063433
P0495 0.926876 315.717651 283.438126 461.75354 469.62738
P0495 0.896014 213.634094 239.510086 350.330139 438.185486
P0495 0.878232 219.517914 528.97049 379.243927 714.543457
P0495 0.875329 130.260071 778.847351 271.411224 967.433289
P0495 0.854976 125.712074 484.801147 262.171661 684.006592
P0495 0.77146 23.328583 738.968262 160.881317 933.780884
P0495 0.005652 298.346771 58.0 411.531891 187.21048
P0495 0.005278 209.56044 58.0 328.619568 175.250046
P0049 0.010227 1135.96283 1146.031418 1369.887268 1445.705017
P0049 0.005885 449.168945 665.201965 705.471558 920.421692
P0483 0.926356 849.456665 65.386116 951.15979 251.946686
P0483 0.921643 579.784485 74.513092 679.38739 254.785675
P0483 0.921114 734.102295 61.713097 821.224609 264.52356
P0483 0.916719 470.135681 71.813095 551.366699 265.439819
P0483 0.913626 335.803406 85.429184 435.702881 269.590454
P0483 0.912052 216.917572 83.374641 313.647003 275.987244
P0483 0.005233 675.063782 1.0 857.307556 350.491302
P0494 0.012988 1723.873253 376.228546 1888.093536 530.117126
P0494 0.010406 2069.985718 1820.591919 2416.836914 2037.0
P0898 0.010283 2459.157837 1012.330261 2525.555176 1018.543884
P0140 0.009219 578.329712 462.281799 631.608521 514.852112
P0140 0.005271 565.496971 457.373932 598.561211 509.244781
P0141 0.680089 620.143188 785.518166 668.924561 878.284943
P0141 0.486094 684.456909 776.104191 751.983643 890.601349
P0141 0.164511 623.856323 932.046265 680.907471 1002.071167
P0141 0.020939 603.418518 793.95784 638.011292 866.688828
P0141 0.008275 931.21269 906.283386 952.928057 956.626648
P0141 0.006896 699.682312 940.982422 743.796448 978.134521
P0141 0.006728 492.05249 758.06105 807.819092 901.433441
P0141 0.005581 774.789429 862.586166 910.740967 960.985397
P0141 0.00508 1594.573303 858.917053 1637.983948 908.532166
P0142 0.675137 185.458496 233.532074 226.605286 324.121002
P0142 0.610815 243.031082 227.759552 285.726746 330.123932
P0142 0.445823 313.767334 219.480621 349.771301 316.236969
P0142 0.415948 207.568176 375.575104 246.971344 452.503204
P0142 0.029591 166.647156 234.90213 203.01062 310.995758
P0142 0.008686 113.030212 111.924652 296.642609 414.812286
P0147 0.120257 1048.507599 397.581299 1141.9039 504.675659
P0147 0.047449 1096.746887 412.876953 1188.827698 522.54425
P0147 0.036704 1028.360382 399.554382 1078.715118 445.937805
P0147 0.017878 1003.768677 370.776489 1102.358032 474.513855
P0147 0.015673 454.416321 479.190216 749.154358 678.955566
P0147 0.01407 891.341064 326.260681 1018.982422 438.154419
P0147 0.008006 976.168457 359.994995 1013.643799 439.751709
P0147 0.005207 920.643494 365.71402 1261.826294 532.886475
P0229 0.905686 369.822571 729.867432 543.569275 927.650818
P0229 0.896566 261.236305 787.402405 444.151154 995.107361
P0229 0.896061 478.292938 1006.468994 652.452332 1196.174438
P0229 0.892256 870.373718 372.281067 1024.0 607.644348
P0229 0.888175 673.787964 506.91037 829.717651 692.434448
P0229 0.869991 583.06839 938.177002 759.174561 1131.435791
P0229 0.839839 978.913147 388.699394 1139.217957 547.764832
P0229 0.836199 475.24646 669.196655 640.298828 864.366699
P0229 0.830761 359.824341 1062.198242 559.33551 1272.123413
P0229 0.808008 771.966675 444.702469 932.910522 653.506531
P0229 0.735709 463.536346 386.725338 569.443085 479.576538
P0229 0.712612 885.043579 733.496307 1024.0 946.7146
P0229 0.688117 669.27301 873.322876 863.117859 1059.738647
P0229 0.68033 784.256775 811.233063 965.795227 1011.344299
P0229 0.680249 570.00412 167.475403 757.761597 360.01709
P0229 0.276222 375.006729 232.716217 565.192566 452.699432
P0229 0.19541 566.636139 542.267883 655.100739 623.195129
P0229 0.155354 982.777649 387.33387 1020.317322 430.543777
P0229 0.059661 528.832642 385.0 706.991821 453.400848
P0229 0.036123 1019.071106 419.312965 1093.79657 518.664673
P0229 0.03308 484.62352 202.367432 673.287598 402.929321
P0229 0.022912 821.09314 511.863327 884.067871 590.475662
P0229 0.020662 528.247406 1076.163391 610.489227 1139.517517
P0229 0.01687 417.752808 803.716431 485.125732 869.865845
P0229 0.016211 727.43811 566.932373 789.856567 646.548584
P0229 0.014746 730.625031 956.048462 814.965576 1021.030396
P0229 0.01228 942.081238 820.528015 998.5401 878.13739
P0229 0.011981 912.804443 447.813263 965.036865 529.872314
P0229 0.011771 631.302307 217.337463 699.22052 299.147278
P0229 0.011623 839.591614 884.005341 913.256042 945.232178
P0229 0.008781 415.966858 1144.268066 497.921356 1220.720459
P0229 0.007994 599.684143 962.024109 716.91449 1023.259705
P0229 0.007692 530.078796 733.50354 592.206726 803.716309
P0229 0.007266 941.524841 396.692318 997.658997 421.590118
P0229 0.006797 860.92981 906.991882 1000.118896 1015.025696
P0229 0.006307 743.404602 962.195007 866.905334 1090.421936
P0229 0.006285 634.088379 1003.240662 697.58905 1066.133118
P0229 0.006011 312.589569 840.185669 377.419159 934.666504
P0229 0.005922 246.0 409.190094 532.336426 632.8591
P0229 0.005513 430.15802 868.091125 562.272583 969.37323
P0022 0.049476 656.645691 1937.674744 794.392517 2119.340851
P0022 0.028509 2770.617432 1849.054043 2860.03833 1971.387634
P0022 0.015491 3444.957214 1438.518799 3793.367126 1948.0
P0022 0.015053 1888.202942 4621.0 1941.689636 4774.388275
P0022 0.007471 2714.564209 5117.784851 2830.938599 5274.242859
P0022 0.007405 937.803509 5329.452332 1036.140579 5455.88092
P0022 0.005841 1506.279846 2781.385056 1717.106018 2880.682686
P0022 0.005674 925.0 2745.394592 1037.42276 2872.0
P0021 0.911064 337.30719 167.016403 434.096069 367.059814
P0021 0.908357 610.758301 183.010284 720.368164 377.109039
P0021 0.906466 613.005981 483.14624 710.171509 679.013672
P0021 0.893509 474.507019 186.869568 580.742249 373.468201
P0021 0.89237 472.407166 479.558533 572.567932 678.008362
P0021 0.870998 325.072998 478.40567 422.276489 670.319458
P0021 0.123369 1878.505447 2225.789372 2014.13472 2247.729027
P0021 0.048272 1651.895874 2227.363144 1874.765381 2248.272114
P0021 0.012381 973.03479 982.28717 1021.077759 1022.392517
P0021 0.009974 474.150726 512.267029 525.770996 624.492859
P0021 0.008679 1435.81723 1809.187317 1554.389099 1894.223572
P0021 0.008377 2479.882385 2000.580399 2649.892761 2201.244324
P0021 0.008358 925.622131 1142.600067 1011.850037 1377.949066
P0021 0.007925 1440.374146 1856.054187 1570.468872 1880.51778
P0021 0.006817 791.726685 2214.049362 1024.0 2629.741943
P0021 0.006789 276.947052 497.660858 297.8909 645.624084
P0021 0.005706 425.288513 481.4729 493.756775 671.671143
P0021 0.005521 285.654358 364.265503 458.725464 775.879761
P0020 0.007793 2776.730542 1271.225281 2783.329339 1327.049561
P0020 0.006238 2793.014465 1282.438568 2837.120911 1322.890533
P0020 0.006089 181.32605 3955.256836 267.237213 3996.590698
P0020 0.00567 2278.349945 3704.738098 2308.120697 3777.259338
P0025 0.030704 1794.945679 540.576477 1822.573608 599.271423
P0025 0.01045 196.853775 933.85107 239.811813 958.268738
P0025 0.006189 2351.8302 148.870483 2364.21875 190.852844
P0221 0.012272 853.340393 925.0 1024.0 1189.474701
P0221 0.010258 1087.252441 439.491577 1218.447266 549.93811
P0221 0.007613 973.417847 524.346252 1218.325806 938.99469
P0221 0.007388 381.0 1750.468689 593.825684 2196.0
P0029 0.95641 743.007568 1703.783875 846.148193 1893.233765
P0029 0.950548 587.300171 1390.475349 688.510254 1590.32962
P0029 0.924043 574.169617 1699.457092 676.497864 1903.171936
P0029 0.922034 428.560547 1390.328575 530.19043 1589.829163
P0029 0.894748 412.556519 1700.541504 520.386536 1913.704346
P0029 0.819067 426.362366 1063.914093 532.550598 1273.898834
P0029 0.094557 1034.02301 1389.196272 1104.420807 1407.9534
P0029 0.037353 1742.804729 1005.209198 1761.385906 1189.936859
P0029 0.027017 949.253357 926.936327 1000.301941 941.197222
P0029 0.020489 1909.749756 931.552063 1942.697632 946.015001
P0029 0.016918 2114.763489 622.391052 2414.988953 935.147156
P0029 0.016537 536.930054 1391.217171 604.731812 1590.514862
P0029 0.015161 971.860291 1169.264725 1015.604797 1282.127991
P0029 0.010926 1737.901791 1234.127197 1781.127811 1293.939514
P0029 0.00973 1811.934265 1775.054382 1942.430847 1927.863831
P0029 0.009635 1827.520752 1927.541077 1936.109863 1946.167175
P0029 0.008153 2399.03479 936.197491 2596.300415 960.063389
P0029 0.007283 1001.153015 1296.146576 1020.058167 1386.006989
P0029 0.007056 926.295735 931.394103 944.519367 946.903095
P0029 0.006889 992.272949 1256.976532 1019.213989 1345.070282
P0029 0.006277 986.21772 1384.0 1146.168976 1435.746071
P0029 0.005624 1760.927612 1406.593918 1933.313965 1883.448669
P0222 0.655892 1110.421997 516.02478 1227.304565 615.318115
P0222 0.618998 508.937347 785.020691 572.009216 892.526611
P0222 0.482718 555.609089 789.23053 668.909119 892.09668
P0222 0.463868 319.91098 952.252319 502.530792 1088.884277
P0222 0.273629 1188.286499 513.019287 1286.663574 611.794556
P0222 0.196107 654.903015 636.601868 729.902771 745.758728
P0222 0.167057 758.528015 627.607666 848.519958 743.911255
P0222 0.107413 1087.628967 211.105606 1250.378601 316.361084
P0222 0.087795 553.739571 804.626465 596.662697 866.161865
P0222 0.077889 308.233551 1013.707886 426.629364 1108.94458
P0222 0.067641 1088.449768 359.783936 1178.155823 459.724121
P0222 0.043749 89.61145 1132.031921 343.352753 1317.929749
P0222 0.020927 642.506203 784.576355 718.281921 880.33844
P0222 0.015196 1129.685364 358.053497 1268.132507 463.402008
P0222 0.007946 227.808517 1130.734131 280.986542 1174.942505
P0222 0.007842 561.282227 1272.100037 597.828125 1315.794739
P0222 0.006806 522.893935 821.84201 553.528149 884.934296
P0222 0.006357 272.216614 1051.890198 398.864136 1148.079407
P0222 0.0052 344.173218 751.976868 723.062866 908.882141
P0225 0.810394 285.185822 209.67569 383.007782 324.856537
P0225 0.789922 361.953827 199.88858 445.327789 319.170807
P0225 0.647704 396.303955 352.105286 471.194214 502.259094
P0225 0.556637 674.274841 310.856689 769.452698 528.931458
P0225 0.545987 534.175293 128.883698 611.256836 253.468506
P0225 0.450774 278.402832 386.981995 375.934631 501.100952
P0225 0.037433 515.668213 288.779053 600.005859 413.099121
P0225 0.028468 512.131104 155.785919 534.682007 220.392639
P0225 0.022857 271.696579 217.270325 307.585861 298.62793
P0225 0.01907 760.505249 113.221115 849.78186 243.17952
P0225 0.014382 534.85611 425.10495 609.102997 575.463379
P0225 0.009313 668.683655 140.84938 694.416077 203.348953
P0225 0.008244 683.289001 474.515839 771.911316 581.9776
P0225 0.00584 385.163635 106.152428 754.815613 268.648956
P0225 0.005745 687.57843 113.506088 769.414856 247.02095
P0225 0.005356 209.475906 363.786102 306.567383 502.800507
P0224 0.940122 1281.956329 442.154503 1393.461121 579.306915
P0224 0.93377 980.118515 444.841255 1091.704773 581.197296
P0224 0.927292 1136.411194 442.53405 1233.953979 580.348724
P0224 0.918873 312.712799 1145.511841 412.217499 1357.278687
P0224 0.917001 1440.145813 732.894714 1547.790588 956.862976
P0224 0.906749 584.438904 750.917053 684.710266 971.097717
P0224 0.906647 1085.539337 1126.113647 1192.146332 1346.897339
P0224 0.895597 1378.141602 1123.000977 1488.888428 1342.696777
P0224 0.893341 436.955139 1141.014221 537.299988 1367.563782
P0224 0.887604 424.540039 762.450745 533.096924 971.755005
P0224 0.88622 1234.361572 1125.077148 1336.508606 1342.796631
P0224 0.879623 1293.628662 736.633606 1393.316895 957.532043
P0224 0.870961 728.693848 745.101746 825.694214 974.453308
P0224 0.870853 829.615356 347.254669 933.291382 584.358337
P0224 0.865197 934.50502 1131.371948 1048.144745 1357.04187
P0224 0.864889 684.577087 1125.605286 787.500549 1361.611633
P0224 0.843482 561.633789 1143.107117 645.47229 1362.349304
P0224 0.842777 1145.56424 743.778503 1244.881134 954.117126
P0224 0.839709 680.232971 443.363846 792.806213 588.238617
P0224 0.831281 1000.488251 746.870178 1096.07077 949.58905
P0224 0.507998 992.450073 450.564003 1024.0 560.424049
P0224 0.193237 985.923401 727.065979 1022.9245 971.659302
P0224 0.12671 784.909646 769.731934 809.681305 952.735901
P0224 0.09062 781.30585 1185.50769 797.731689 1389.070312
P0224 0.02597 891.655685 873.212189 937.241074 928.021454
P0224 0.021662 781.0 639.338486 845.318649 1077.301086
P0224 0.020128 787.58491 454.33292 814.725937 535.225113
P0224 0.019648 869.748695 842.76709 963.368713 948.686096
P0224 0.012268 781.0 442.0 831.452663 638.166779
P0224 0.009469 710.511597 1177.492126 758.793213 1313.814026
P0224 0.009047 866.53418 442.0 1024.0 569.779953
P0224 0.008584 641.972839 320.115692 812.91803 651.723755
P0224 0.007682 1468.369019 787.73761 1526.177124 905.749817
P0224 0.007176 338.162231 1192.787537 391.964172 1304.797302
P0224 0.006416 1224.56546 305.891388 1402.373291 605.566895
P0224 0.006188 949.372314 280.973175 1024.0 692.773193
P0224 0.005818 1322.044006 784.479675 1372.345032 912.863342
P0224 0.005698 876.183777 824.532257 952.383728 877.834869
P0224 0.005155 785.711147 454.21611 796.538578 613.405853
P0224 0.005128 1405.09552 1143.213196 1453.327576 1290.273254
P0227 0.580028 1227.337616 426.086594 1365.611542 568.651428
P0227 0.460514 1382.182526 379.305389 1507.923492 534.822266
P0227 0.05572 1471.414825 792.057495 1565.731598 915.010376
P0227 0.012501 1445.177155 378.187958 1512.698212 467.989166
P0227 0.009648 1395.503052 194.13443 1565.761719 345.013367
P0227 0.005339 498.085022 425.071014 806.561218 662.085175
P0227 0.00525 152.565247 711.646851 513.66626 934.109497
P0226 0.876439 115.534546 97.567696 272.05249 351.289459
P0226 0.872711 240.324539 172.559998 377.062073 377.207764
P0226 0.862957 338.719391 220.077484 484.043304 429.407623
P0226 0.85943 190.600586 471.762726 364.065979 709.663086
P0226 0.848872 448.131378 272.391418 579.862183 478.65564
P0226 0.84626 398.295776 576.638306 575.482178 807.784058
P0226 0.820635 537.966553 322.941315 698.744995 529.714172
P0226 0.809637 305.726746 522.7854 463.908569 739.70459
P0226 0.040905 411.110535 395.870117 506.414978 507.762146
P0226 0.03367 472.793701 21.394623 843.323975 184.867386
P0226 0.0197 303.499878 654.814331 400.302734 774.604492
P0226 0.018849 362.674805 361.280487 473.777283 476.61026
P0226 0.015213 276.277954 250.748291 567.337646 589.517517
P0226 0.011572 261.433868 292.805969 372.123077 408.381775
P0226 0.00879 1.0 1.0 447.495514 451.134155
P0226 0.005387 506.469788 413.139709 607.974792 558.448914
P0139 0.007325 489.858978 340.495331 537.586548 365.189667
P0339 0.124544 1548.433594 1111.172852 1616.611816 1238.101318
P0339 0.00968 235.558289 942.352722 353.350037 1012.879211
P0338 0.047657 601.179077 1268.482788 783.42334 1407.0
P0337 0.010249 1777.311096 383.879015 1929.457092 395.89982
P0337 0.006018 1190.180054 391.8841 1266.070557 415.187714
P0335 0.006522 153.730286 1.0 287.751923 28.023098
P0334 0.046717 950.01984 666.0 970.455509 936.932434
P0334 0.011989 463.057434 669.909431 763.300232 877.449188
P0334 0.010825 1839.735779 1001.322418 1927.83197 1229.839966
P0334 0.008408 1005.940186 676.421532 1360.630615 879.053223
P0334 0.007988 934.715088 430.21875 979.621094 889.377075
P0238 0.931617 453.154602 333.632874 555.556702 521.914429
P0238 0.929161 491.002502 630.368958 582.251343 811.270447
P0238 0.906094 322.891754 407.874794 421.862579 540.745972
P0238 0.892429 523.144623 921.726746 620.716431 1107.416565
P0238 0.890881 662.063843 913.526611 759.639893 1084.964844
P0238 0.876324 626.227417 611.533386 729.766113 791.751404
P0238 0.851514 353.072845 648.559143 453.178864 826.63623
P0238 0.838241 605.009277 404.0 703.193359 496.143112
P0238 0.761414 386.717682 931.622986 489.330841 1122.102966
P0238 0.114587 405.436768 946.680359 472.981201 1003.43866
P0238 0.014234 403.636841 404.0 502.556396 528.809402
P0238 0.011282 471.811462 410.097561 521.80011 465.834232
P0238 0.007522 195.526306 685.321411 312.861755 812.528503
P0238 0.006336 648.293823 748.386932 728.068115 791.510651
P0238 0.005545 482.880432 815.646667 646.482361 1213.183899
P0238 0.005179 191.919357 4.402383 255.855667 17.486439
P0238 0.005056 514.924622 937.375061 565.446472 998.236023
P0038 0.047668 1536.707417 1767.199646 1645.92334 1936.945984
P0038 0.037236 801.110352 30.498589 991.05249 253.531433
P0038 0.018729 1575.547974 112.329941 1601.121216 178.80513
P0038 0.01114 1532.0 925.0 1564.837166 1015.068382
P0038 0.008036 1090.837021 2789.273087 1345.968872 3200.267639
P0038 0.007565 994.773804 393.062347 1293.549561 587.78302
P0038 0.006016 926.924046 2942.92215 1041.966949 3115.638153
P0039 0.006194 1391.426208 983.921875 1453.889221 1024.0
P0039 0.005226 2166.097748 2894.007263 2275.854156 3037.923706
P0133 0.047074 1060.313904 862.436829 1160.964661 964.633362
P0133 0.037041 201.104202 422.3375 249.096054 434.531511
P0133 0.013769 194.311667 614.393585 213.430458 645.732544
P0133 0.009025 200.029804 1106.368164 213.847431 1152.779419
P0133 0.007488 1012.822571 734.372498 1018.578064 826.190369
P0133 0.006671 1006.638977 773.592163 1014.915833 865.254395
P0133 0.006078 195.711289 573.702316 205.668073 610.902878
P0133 0.005619 204.421206 958.882935 223.564819 1006.158203
P0133 0.005267 1020.905579 727.003967 1047.358582 802.295593
P0232 0.94325 663.101807 424.47467 826.793823 605.162903
P0232 0.940166 548.472351 352.345886 705.451721 532.0047
P0232 0.921682 454.659668 278.310272 606.957275 453.427948
P0232 0.918807 878.518372 1103.699402 1023.55011 1284.497864
P0232 0.912742 346.746002 218.948364 503.822784 399.179077
P0232 0.909895 832.298096 707.247688 1012.368958 911.314819
P0232 0.900828 231.703705 149.987518 392.562775 338.181213
P0232 0.891726 925.237854 853.970581 1024.0 984.305054
P0232 0.855749 987.160339 1144.37854 1154.520935 1348.499146
P0232 0.847543 673.79538 955.394989 845.041107 1154.664459
P0232 0.844146 781.804932 1039.387787 939.67749 1220.897461
P0232 0.819254 1153.182556 903.500488 1312.399475 1101.336792
P0232 0.809385 1059.014465 820.559204 1221.499939 1011.004028
P0232 0.782387 1088.700439 1233.342285 1270.671387 1408.887207
P0232 0.731232 947.663971 777.812294 1102.890442 979.793884
P0232 0.527913 728.860092 923.548279 858.551147 1021.651794
P0232 0.444312 1258.729431 969.900665 1423.807678 1174.63382
P0232 0.0669 1298.879272 921.285461 1467.540405 1011.667786
P0232 0.033962 1218.762024 922.120911 1301.491272 1004.472839
P0232 0.024711 1028.50885 936.112976 1127.996277 1058.511963
P0232 0.024166 905.311951 1396.402222 1019.219421 1530.037842
P0232 0.015742 513.394852 294.494659 595.52536 383.669281
P0232 0.011495 921.196777 1151.758026 987.082397 1234.726624
P0232 0.009104 1117.8172 881.47998 1171.105896 954.996582
P0232 0.008543 1040.855835 1205.446136 1103.778931 1274.056519
P0232 0.008239 894.018433 778.196167 941.597229 823.073608
P0232 0.007409 1138.978577 1004.827667 1246.954163 1136.656647
P0232 0.007027 696.716309 939.921753 746.43689 988.877808
P0232 0.006867 733.942017 1043.388885 790.082275 1103.334015
P0232 0.006469 826.733643 1095.005981 884.473145 1155.431274
P0232 0.006336 516.025482 511.637085 1318.760864 1024.0
P0232 0.006293 1002.863129 857.680359 1055.489319 907.348938
P0232 0.006024 912.435364 1208.124939 1015.993835 1341.180115
P0232 0.006001 1197.391602 968.002258 1264.057739 1031.626526
P0232 0.005836 443.357605 375.010498 536.247498 509.410278
P0232 0.005076 1179.487427 1067.530273 1281.460693 1178.451782
P0036 0.278398 423.5 3864.969742 564.227661 4033.522034
P0036 0.067121 1867.203075 5477.731689 1930.762756 5500.990723
P0036 0.053632 2844.511719 5475.485229 2955.566528 5490.807495
P0036 0.033476 2902.164551 5481.737244 2970.381714 5498.229797
P0036 0.028493 2948.286072 5480.20752 3077.604675 5490.559814
P0036 0.019563 1849.048532 5471.054321 1894.093521 5497.934204
P0036 0.017913 1729.803223 5478.464417 1902.90979 5489.316223
P0036 0.014835 3084.014771 5482.749023 3180.403198 5495.418213
P0036 0.014235 2472.897278 5491.829102 2674.218445 5532.715698
P0036 0.009315 1917.070862 5469.816345 1947.516174 5488.952576
P0036 0.009213 366.913544 3769.828247 624.006714 4128.580109
P0036 0.008957 3033.437683 5486.005432 3096.404358 5500.534363
P0036 0.005335 2072.061584 1137.105988 2211.155151 1294.943268
P0236 0.87667 520.960327 653.394608 628.372803 768.082397
P0236 0.869037 564.234375 442.230103 635.846802 547.601257
P0236 0.82252 892.091675 411.527924 932.783936 498.334503
P0236 0.787996 734.301636 415.403595 822.342529 522.803955
P0236 0.775071 940.302124 402.199554 984.659546 488.345795
P0236 0.699558 342.955536 661.427338 400.15506 752.745575
P0236 0.652059 392.650696 649.105164 452.97876 766.396423
P0236 0.596106 806.266479 1098.550537 852.026611 1186.927979
P0236 0.564741 994.36145 407.254852 1042.297363 476.413055
P0236 0.520157 929.551147 726.28949 969.226807 802.117004
P0236 0.513313 689.667603 630.865723 806.721436 758.804321
P0236 0.269712 916.197998 439.363937 963.751343 498.378448
P0236 0.266487 980.632141 432.792624 1013.313904 479.783165
P0236 0.260739 854.294556 637.827484 890.974731 728.765411
P0236 0.198209 1029.016418 415.12442 1080.671082 474.004364
P0236 0.167851 660.005005 438.122665 701.795776 520.865982
P0236 0.12017 1010.715637 735.166992 1165.437439 869.591675
P0236 0.111018 296.656631 669.860077 312.062813 762.631989
P0236 0.102308 875.914246 431.008476 911.952087 510.057449
P0236 0.092487 852.696655 777.422913 893.113159 839.436951
P0236 0.090551 441.070801 648.402939 503.212555 769.342773
P0236 0.086569 844.758545 415.98877 873.087036 506.276611
P0236 0.071727 841.450195 1083.952393 937.916382 1202.059448
P0236 0.067624 703.171997 434.018192 771.391357 515.102203
P0236 0.035865 599.570984 654.888855 642.076599 742.583069
P0236 0.033144 699.095673 460.815746 855.057861 566.426651
P0236 0.029736 828.038513 1101.587097 874.036194 1160.260681
P0236 0.029648 632.877747 435.185234 678.514709 541.398636
P0236 0.020641 839.931152 738.185486 908.324829 878.201477
P0236 0.019 328.573029 662.047104 363.101044 753.088013
P0236 0.015353 757.413391 441.267136 834.212952 476.629532
P0236 0.013119 926.330872 434.091351 1031.184753 509.193848
P0236 0.012893 851.492676 693.406769 878.09375 728.930573
P0236 0.010285 817.247375 634.441528 836.716614 742.950195
P0236 0.009818 1002.717712 755.710968 1024.0 839.108307
P0236 0.009779 652.181519 654.505707 686.400085 736.407867
P0236 0.009079 989.774475 450.557072 1041.206726 498.217468
P0236 0.008877 821.695618 270.929626 962.262024 629.576233
P0236 0.008626 862.730042 632.493271 892.535706 673.300674
P0236 0.008176 516.143311 288.648468 687.479614 688.478149
P0236 0.007649 800.955963 692.087708 826.179077 752.447205
P0236 0.007558 813.72522 435.840153 886.588623 527.827835
P0236 0.00651 826.094971 571.327347 1037.076294 948.025574
P0236 0.005798 998.67041 733.082977 1050.898071 802.127045
P0236 0.005623 484.964905 654.538666 549.118469 767.45047
P0236 0.005522 969.966125 708.862762 1080.13092 823.500275
P0236 0.005502 506.494354 429.934361 551.018921 457.031788
P0236 0.005434 432.190842 436.319584 736.435425 541.742157
P0236 0.005389 638.041565 660.111588 667.815002 759.323242
P0032 0.018844 1.0 752.835266 120.885559 1023.414856
P0235 0.899764 2007.890137 169.434341 2140.317383 431.136047
P0235 0.892748 1156.554718 321.295166 1282.009857 551.628357
P0235 0.86229 321.648712 508.679779 438.895966 706.789673
P0235 0.860901 806.015686 403.611145 943.024475 618.40802
P0235 0.851784 1750.369904 242.97644 1887.939972 468.401367
P0235 0.848186 445.148804 473.038605 565.11499 686.852295
P0235 0.846134 1628.201965 261.923492 1761.019012 485.667938
P0235 0.845409 689.394348 419.316284 819.632751 642.595459
P0235 0.841255 1879.926422 221.076233 2005.928711 431.284363
P0235 0.834471 566.48584 451.850555 682.735962 664.966309
P0235 0.811202 1027.087494 359.431824 1152.689423 584.27124
P0235 0.762546 197.972809 527.173096 311.742371 740.132812
P0235 0.551547 1340.438751 371.941742 1471.283447 452.903168
P0235 0.117459 1333.966888 500.256775 1499.492188 555.946472
P0235 0.011389 1333.102966 456.867279 1488.984253 525.275024
P0235 0.010066 1906.632935 278.6828 1963.328308 371.44519
P0235 0.007171 1787.733337 311.984833 1837.776367 405.390839
P0235 0.005863 354.38855 559.934387 405.753357 648.703064
P0235 0.005493 633.809387 456.310822 738.656067 614.517151
P0235 0.0054 1443.575659 368.415924 1479.721809 432.680878
P0235 0.00515 472.906219 518.183167 525.192749 624.595032
P0235 0.005117 1577.990845 5.783127 1795.440063 18.868322
P0065 0.267741 952.664917 390.89151 1002.693115 437.046906
P0065 0.011686 1514.436829 2627.316956 1543.313293 2661.022156
P0065 0.005764 944.061707 435.500153 978.541077 473.313751
P0065 0.005449 513.664795 2863.93396 552.492676 2872.0
P0065 0.005186 943.090328 356.614624 1025.578506 464.376892
P0126 0.013165 107.375496 27.000488 193.557343 240.066101
P0124 0.687777 849.154053 947.729614 1000.56604 1098.904175
P0124 0.224896 765.205994 785.046631 926.138 933.508789
P0124 0.106662 526.499756 1126.127029 762.049683 1396.888367
P0124 0.102829 728.828125 1223.979828 890.75061 1443.971252
P0124 0.100502 830.416748 1334.769928 954.884888 1511.689392
P0124 0.057725 905.68013 1300.027771 1056.217056 1444.201172
P0124 0.041983 753.149719 1344.495369 858.552795 1493.537933
P0124 0.01481 842.563401 928.229478 873.269878 945.351177
P0124 0.009957 979.384521 932.114603 1023.944702 971.31263
P0124 0.00924 947.418427 1348.031067 1018.352631 1398.74585
P0124 0.008979 681.879517 653.722656 843.317627 809.900391
P0124 0.007867 854.667969 1375.103752 921.027466 1460.302551
P0124 0.007421 733.726624 1348.407402 790.371887 1401.352539
P0124 0.005607 774.821655 1302.199341 843.5177 1364.081543
P0124 0.005414 746.777771 1297.913147 793.372131 1355.895813
P0124 0.005413 848.046448 929.463415 911.623474 938.782543
P0124 0.0052 907.853973 1361.230591 960.221542 1403.111511
P0122 0.53875 773.504639 484.798622 1003.812988 667.09201
P0122 0.336439 847.539001 369.37384 1004.124573 534.174561
P0122 0.113567 636.054626 693.266602 979.459534 922.545044
P0122 0.090817 533.003345 162.28978 659.601807 370.64386
P0122 0.056093 982.867615 474.796219 1019.276306 519.115807
P0122 0.044726 243.033081 467.0 589.170654 762.481384
P0122 0.038391 927.750549 476.924809 1002.502014 516.042236
P0122 0.03121 533.0 930.032532 891.388214 1150.455505
P0122 0.01241 887.414062 419.682159 967.710083 485.92276
P0122 0.006765 534.345922 467.0 577.18602 736.322327
P0122 0.006321 819.71167 668.483948 870.518555 711.153992
P0122 0.006251 910.112 544.527771 1015.143982 751.981384
P0041 0.015166 1949.002228 1437.183594 2189.002838 1853.421021
P0041 0.009261 2392.937561 1607.598511 2621.866028 1934.016968
P0041 0.005343 934.473267 313.628204 1043.972992 526.214966
P0042 0.006429 1807.241211 1203.003994 1890.384399 1255.664948
P0042 0.005546 877.0 1209.297989 1231.099365 1390.752869
P0044 0.046025 661.340515 720.918389 721.411194 738.989059
P0044 0.039398 1220.038147 710.698712 1328.798523 713.215585
P0044 0.025582 447.763184 1232.882874 483.660706 1273.088196
P0044 0.021512 423.06311 1146.358002 559.913574 1331.922302
P0044 0.01537 479.622467 1187.795288 530.789124 1216.710449
P0044 0.009837 618.953308 716.807543 675.897156 731.943352
P0044 0.008714 553.162842 658.228394 593.755249 719.049072
P0044 0.00761 404.568451 627.927673 502.037933 742.498108
P0044 0.007147 481.701447 653.795532 524.494202 723.543823
P0044 0.006563 1002.515442 423.742706 1016.362854 471.681122
P0044 0.00596 628.808585 663.627258 648.96114 718.291321
P0044 0.005019 597.749268 637.693787 703.876587 742.226746
P0030 0.92105 1437.780334 314.164368 1538.368835 530.748474
P0030 0.897365 1315.852722 315.428528 1415.855042 518.169739
P0030 0.888526 722.254578 296.871979 829.412048 503.437469
P0030 0.883583 1104.567902 312.6651 1205.555756 507.472473
P0030 0.872541 980.891674 300.821747 1073.88353 508.229889
P0030 0.868187 848.289429 293.678986 947.465576 508.47403
P0030 0.557985 925.0 292.805603 958.66169 518.093262
P0030 0.401601 1654.678284 1879.334198 1721.278748 2024.285645
P0030 0.200222 996.964966 322.478973 1024.0 490.576752
P0030 0.139785 1237.880493 984.636536 1350.713867 1021.411072
P0030 0.084266 1713.793701 1886.510803 1754.109985 1948.0
P0030 0.080233 1250.088135 344.700928 1275.065613 479.274048
P0030 0.07083 1160.816284 987.0495 1277.523499 1023.472595
P0030 0.030774 1737.671726 1383.0 1846.049942 1862.889465
P0030 0.03024 1893.263306 1383.0 1947.602417 1594.481995
P0030 0.016367 1395.496582 1383.0 1530.585815 1513.14975
P0030 0.013794 1432.808044 1078.208786 1545.939392 1102.683243
P0030 0.012274 2259.916504 1004.042847 2425.889282 1018.246826
P0030 0.011818 1694.858276 1873.642273 1760.060425 2027.917419
P0030 0.008434 2351.001465 2035.379211 2398.471313 2053.316101
P0030 0.008268 2206.606232 994.252869 2405.701294 1011.005188
P0030 0.008206 1595.197876 1881.660889 1741.556274 1948.0
P0030 0.0081 1581.187744 1721.255554 1787.853394 2185.587463
P0030 0.008024 1352.211639 975.174438 1405.389557 1018.767822
P0030 0.007851 1898.492493 1690.941833 1944.739685 1922.398499
P0030 0.006908 1371.677612 1113.456329 1613.654907 1645.139526
P0030 0.005773 1900.265381 1092.379242 1936.223022 1502.164307
P0030 0.005504 1641.980042 1907.341431 1692.126648 1936.27063
P0030 0.005342 937.10376 232.263718 1024.0 585.824097
P0030 0.00515 1867.105042 1023.141327 1914.351135 1571.297241
P0689 0.88598 583.13591 275.182373 672.099625 454.136292
P0689 0.871319 164.782043 269.459839 250.38028 438.764648
P0689 0.8701 865.488647 276.803284 955.900879 460.572388
P0689 0.840099 713.354156 270.903687 811.025299 458.333008
P0689 0.837109 441.103302 265.261078 531.345581 454.730255
P0689 0.83341 300.916412 259.644653 383.996613 441.963501
P0689 0.173915 379.695251 731.539001 448.110046 823.031921
P0689 0.02444 258.624146 746.747131 343.915833 813.048645
P0689 0.007928 1006.031555 298.448914 1017.136414 418.087341
P0689 0.007105 657.910034 257.540588 724.39209 462.856934
P0689 0.006989 973.951172 772.402832 1024.0 819.533813
P0689 0.006674 394.055267 256.780457 442.429779 456.33429
P0689 0.006673 132.31897 167.187088 292.113434 543.08783
P0689 0.006576 857.001953 304.665222 893.937378 408.598206
P0688 0.930882 558.106995 268.794098 715.176331 465.102264
P0688 0.925706 669.193176 627.262878 816.407776 814.237976
P0688 0.924167 421.564919 506.8862 579.076691 696.830627
P0688 0.919898 438.394073 203.191742 603.87439 395.116791
P0688 0.913746 543.763153 549.924591 712.348999 754.358398
P0688 0.913483 787.625305 684.423523 954.289185 871.71344
P0688 0.893109 311.077576 438.122131 454.254028 610.964294
P0688 0.884625 933.212402 746.134155 1077.950439 907.785278
P0688 0.873022 661.576233 423.263367 900.457458 571.407654
P0688 0.854296 1091.5177 728.911682 1247.701904 911.215271
P0688 0.718903 784.515167 323.605377 952.730835 473.8815
P0688 0.584848 912.788635 504.752258 1178.521301 713.910706
P0688 0.097715 948.595459 764.113342 995.301025 849.9776
P0688 0.094244 980.235657 766.762329 1016.832214 840.7677
P0688 0.056816 885.075623 657.907715 1024.0 960.492554
P0688 0.031187 825.101807 364.103607 917.97345 440.192719
P0688 0.018076 884.072815 79.466866 960.183167 122.54538
P0688 0.011995 343.681732 479.094452 418.998688 571.358978
P0688 0.010802 404.300797 453.702271 465.289284 532.367737
P0688 0.00812 601.860931 317.079758 684.339752 412.87677
P0688 0.008018 487.679504 234.06636 560.95578 351.183746
P0688 0.007906 1121.891602 765.197754 1204.761475 852.583496
P0688 0.007518 454.440636 530.548157 524.921967 623.370789
P0688 0.00689 840.331909 719.909485 913.67981 819.071594
P0688 0.006586 919.187317 87.728321 1006.578796 194.747818
P0688 0.006002 425.145233 280.231384 1024.0 713.473633
P0688 0.005901 710.911865 739.79248 803.303833 877.824585
P0688 0.005498 579.281372 651.806213 692.132172 794.549377
P0688 0.005413 753.081482 456.888062 845.086365 524.67334
P0687 0.91175 348.237579 502.873779 445.999664 685.828247
P0687 0.89734 872.336456 1365.1427 980.867035 1550.487549
P0687 0.893337 1193.444153 884.500671 1291.762024 1067.114807
P0687 0.890612 227.925583 528.776489 335.467224 705.635498
P0687 0.886092 774.905533 1383.411438 886.508362 1571.454285
P0687 0.875016 699.384308 630.37973 806.226715 824.253159
P0687 0.868797 808.856323 1100.890259 914.824585 1278.040527
P0687 0.862139 608.100281 283.391815 717.065735 486.766022
P0687 0.856094 684.150284 1125.234558 796.821823 1315.568787
P0687 0.854418 673.923592 1404.073181 786.760284 1593.188538
P0687 0.838146 129.275543 605.0 239.776825 743.869781
P0687 0.827408 1288.522156 865.644135 1400.245544 1038.801056
P0687 0.813442 464.996826 486.714264 571.79834 649.099304
P0687 0.788398 486.845093 606.392969 587.942261 650.471672
P0687 0.540845 1081.157532 906.273315 1192.696228 1080.217651
P0687 0.031668 898.901245 1398.76532 953.354004 1503.093201
P0687 0.025109 589.809143 608.917646 644.682556 651.997452
P0687 0.013712 579.0 377.148621 586.666983 463.908936
P0687 0.008296 701.568665 1430.639038 753.001526 1544.322021
P0687 0.007386 257.678192 613.335714 322.730255 664.460785
P0687 0.00654 1324.873047 887.081024 1369.706787 997.815399
P0668 0.882326 254.336365 209.141251 413.233032 413.229065
P0668 0.881276 501.526611 358.678894 659.03125 563.957397
P0668 0.823592 94.928688 445.740662 261.189667 651.632996
P0668 0.823575 348.793579 281.02359 515.760986 462.634552
P0668 0.729092 202.243851 499.868713 369.977844 671.84198
P0668 0.049679 590.275085 452.818176 699.438904 598.096619
P0668 0.019894 261.687042 559.107788 321.787323 614.152466
P0668 0.015402 560.765259 383.277954 790.279907 713.644043
P0668 0.00677 308.114349 274.949951 357.425507 344.996887
P0668 0.006058 183.680756 79.94989 683.326172 683.090576
P0215 0.036556 1860.310799 554.660767 1947.226723 764.010986
P0215 0.020303 1841.364319 1344.00946 1932.208435 1364.149841
P0215 0.018411 1817.246765 1356.554565 1878.800964 1366.981079
P0459 0.902816 284.047852 55.998009 455.425232 281.984436
P0459 0.87377 74.423073 176.9646 274.245575 379.283508
P0459 0.862683 181.446243 122.713539 362.546265 321.848419
P0459 0.009935 311.462189 196.869705 376.203094 294.366943
P0459 0.008682 203.275574 246.384308 279.697266 355.480316
P0218 0.026605 1718.392761 1566.590961 1769.649963 1583.522156
P0218 0.012703 3121.718994 936.369486 3178.0 969.536507
P0219 0.099521 8.247711 141.0 114.895401 346.139954
P0219 0.053588 69.371468 1.0 207.696594 198.672775
P0219 0.044947 7.963898 340.85144 110.430984 555.984131
P0219 0.019432 401.979553 215.425552 662.079529 609.017517
P0219 0.016691 311.575531 279.237915 421.78421 464.554016
P0219 0.014924 26.588028 156.102127 260.670593 567.302612
P0219 0.011634 436.705078 212.636566 541.506897 365.721405
P0219 0.011517 526.965576 183.903725 847.343506 385.454468
P0219 0.010201 141.93541 147.916496 287.929382 328.457886
P0219 0.008587 220.795731 368.882599 359.789673 532.289673
P0219 0.008092 4.804283 552.948425 119.399727 820.597107
P0219 0.006852 153.388351 256.592255 427.508972 652.165527
P0219 0.006511 964.52314 145.524835 1098.350067 156.407501
P0219 0.006328 190.189331 1.0 311.843353 211.433838
P0219 0.006103 983.809631 142.952669 1024.0 159.552822
P0219 0.005915 342.62204 8.095848 478.858368 184.384521
P0219 0.005662 389.935852 291.466797 501.508545 450.516174
P0455 0.589082 247.063263 517.026428 493.348145 726.426697
P0455 0.448425 178.232132 606.945251 347.486938 783.333191
P0455 0.027515 525.845276 630.459717 693.750122 771.942017
P0455 0.021755 261.565125 714.09729 396.993713 817.004272
P0455 0.015113 254.228149 707.435181 327.251007 760.096069
P0455 0.007208 223.609909 662.337097 292.726898 726.13446
P0453 0.915968 335.225304 251.074219 417.522278 448.434814
P0453 0.913701 454.090179 254.295898 537.289001 443.127258
P0453 0.88515 218.219299 268.641541 296.884827 464.896484
P0453 0.034774 699.795105 409.236359 749.302307 460.090973
P0453 0.025756 733.838745 382.021576 887.560425 485.894623
P0453 0.019319 758.388245 405.09613 818.483582 452.848938
P0453 0.010826 798.639526 407.530273 861.724487 449.776001
P0453 0.005258 1206.734558 2.047079 1235.543396 10.215466
P0666 0.888901 342.092957 393.708496 507.986633 525.933716
P0666 0.86094 230.720062 197.316498 400.307587 345.757782
P0666 0.833026 294.419891 297.186798 446.873444 434.924042
P0666 0.827665 181.894867 110.873795 345.29953 248.530777
P0666 0.788974 388.186401 481.154938 569.846069 613.159058
P0666 0.778509 451.638855 579.851013 618.605652 721.346741
P0666 0.016364 449.036102 527.898376 534.930908 593.085754
P0666 0.006531 222.829941 143.572693 311.503906 212.150635
P0666 0.005627 556.119324 628.664124 640.031921 754.236877
P0113 0.036937 2223.568848 939.118673 2365.831421 959.895546
P0113 0.022536 937.090942 1002.513977 1107.047302 1016.179871
P0113 0.01648 678.467957 3440.186707 770.939758 3537.20343
P0113 0.011481 2152.771576 3414.63031 2238.994904 3495.928589
P0113 0.007602 639.435242 3725.088806 810.286804 3900.475159
P0113 0.007536 695.268127 3458.472229 741.232361 3512.699768
P0113 0.007047 628.426208 3120.607107 675.033997 3144.47826
P0113 0.006539 1759.955444 948.969263 1940.593628 969.423409
P0113 0.005165 2194.687836 2551.655212 2248.142303 2602.23468
P0111 0.744501 815.484314 1456.00061 860.386536 1535.074951
P0111 0.621618 760.901733 1458.564331 802.193848 1538.616211
P0111 0.607329 1000.980408 1450.644653 1023.410828 1518.277344
P0111 0.602488 1009.579338 1454.54541 1048.768623 1525.691772
P0111 0.576546 949.733032 1445.683899 1002.807983 1524.713684
P0111 0.563306 998.002747 1312.386597 1024.0 1378.271362
P0111 0.472516 893.6651 1458.450195 944.008118 1523.155151
P0111 0.339472 948.920654 1309.404724 999.455688 1402.054749
P0111 0.146901 819.737549 1321.706665 856.359985 1399.512085
P0111 0.131524 883.670532 1315.209167 919.530518 1404.049377
P0111 0.056712 1011.765747 1320.549622 1051.579773 1403.551941
P0111 0.045591 974.426086 1420.527222 1024.0 1546.915283
P0111 0.042451 1075.293579 1467.231995 1099.619293 1518.348206
P0111 0.0363 1011.116638 1496.224182 1024.0 1529.667542
P0111 0.035067 926.239398 1460.393311 939.249917 1518.564209
P0111 0.01266 931.674792 1333.636902 944.336906 1397.810242
P0111 0.012153 939.0 1233.941956 1012.864441 1732.771423
P0111 0.01181 737.72406 1302.484985 935.234802 1673.42334
P0111 0.006794 757.585754 1335.617065 793.890198 1397.045654
P0111 0.005744 1525.090759 822.804131 1770.059631 1047.422852
P0111 0.005021 716.546143 1466.060364 742.86792 1527.650696
P0052 0.836114 401.682892 1315.180786 440.901642 1406.043579
P0052 0.782929 849.704491 1251.671021 1007.00824 1413.931458
P0052 0.716546 264.957123 1325.573341 310.840973 1390.336823
P0052 0.703596 498.736694 1331.443695 569.567017 1396.270752
P0052 0.701532 344.850677 1481.95517 399.36972 1550.925812
P0052 0.671611 634.473877 1331.24604 687.041626 1395.638855
P0052 0.664361 466.926208 1479.600006 516.97406 1557.590668
P0052 0.566101 392.159943 1478.710007 456.085724 1553.686432
P0052 0.52146 460.085175 1324.173798 526.050354 1405.054901
P0052 0.505261 310.866028 1330.370186 375.018188 1386.141617
P0052 0.289615 578.716675 1330.724762 621.352905 1397.442841
P0052 0.237867 442.916443 1320.659943 479.650085 1403.290558
P0052 0.16506 351.484558 1324.923981 395.122925 1398.840668
P0052 0.09886 669.082581 1328.208336 699.480042 1397.328369
P0052 0.084853 994.546448 1471.525085 1256.879944 1676.321716
P0052 0.083713 333.064667 1471.843658 365.794647 1548.218475
P0052 0.027809 246.830414 1322.872299 278.347687 1374.52153
P0052 0.022434 651.834595 1295.023598 711.356201 1428.533112
P0052 0.022302 505.914276 1481.120926 538.625916 1544.904724
P0052 0.02102 248.034958 1347.899712 284.128937 1411.184448
P0052 0.018143 427.483887 1469.846008 496.519714 1544.595886
P0052 0.009444 287.158081 1339.252991 446.829773 1643.812683
P0052 0.008498 491.267456 1297.898678 804.740967 1413.518646
P0052 0.007509 764.900085 1648.932983 1004.397034 1905.741089
P0052 0.007104 389.722198 1343.492615 573.868347 1639.07843
P0052 0.006878 309.790283 1443.36084 386.929871 1564.850586
P0052 0.005009 905.173462 1819.279358 1017.364746 1969.033386
P0050 0.17958 1686.291443 2366.444336 1874.571228 2525.165283
P0050 0.036623 1539.598236 2147.21109 1641.259216 2297.802338
P0050 0.020131 1664.773987 2102.864853 1728.442688 2118.977575
P0050 0.006793 1800.076691 2117.270454 1942.433136 2275.838318
P0050 0.005584 1248.279816 2598.702057 1585.610718 2910.529663
P0050 0.005023 1635.37146 1917.044174 1903.105713 2142.124451
P0054 0.009148 1322.259613 730.069397 1353.152618 884.966248
P0054 0.005734 358.492188 931.929189 463.202698 945.193316
P0023 0.023881 686.386292 2816.655998 773.455505 2994.853638
P0023 0.022768 1901.647034 655.586304 1948.0 864.172974
P0023 0.017128 1914.766052 723.122437 1948.0 806.732544
P0023 0.013485 1926.396118 907.144409 1947.14209 1018.072388
P0023 0.005009 1390.0 4653.181824 1399.978997 4720.0
P0697 0.038073 357.987474 120.096279 382.389553 171.178864
P0691 0.930408 181.673492 91.008263 265.143127 270.335266
P0691 0.908729 424.307709 97.804565 515.557373 275.165314
P0691 0.906264 62.789036 68.49556 150.314636 288.448425
P0691 0.90435 316.387573 87.406097 402.860046 282.49884
P0691 0.8894 565.078552 99.592934 656.271301 274.899384
P0691 0.768718 420.918182 349.359802 646.788879 441.338379
P0691 0.049283 11.926203 14.855804 33.677338 343.417084
P0691 0.013469 12.785796 105.392883 18.128536 253.501556
P0691 0.009148 144.122208 16.389185 211.805588 25.855547
P0691 0.008411 187.865906 4.952748 322.419342 9.317228
P0691 0.008407 300.149506 9.183219 428.760529 17.255997
P0691 0.007285 266.874695 82.121956 301.573242 287.930847
P0691 0.006864 590.661011 147.301666 627.327393 220.881042
P0691 0.006487 106.765457 12.096107 191.297653 16.552441
P0692 0.898951 439.205383 628.35498 522.152954 803.34021
P0692 0.896739 814.692932 339.89917 883.102722 519.378723
P0692 0.894758 175.337723 605.921265 263.341064 801.523804
P0692 0.891364 658.411133 328.535034 753.549438 510.043518
P0692 0.884222 789.77179 635.111023 875.256042 826.884216
P0692 0.865504 651.441833 633.375183 743.681335 817.853577
P0692 0.860404 303.565613 621.061035 396.565918 812.150635
P0692 0.858686 177.395767 310.441223 271.187317 486.76886
P0692 0.855323 442.891022 322.421692 523.008057 510.331543
P0692 0.847486 315.899109 315.375244 397.994446 505.266907
P0692 0.023811 572.532654 324.977936 625.179749 522.100128
P0692 0.018144 889.469543 625.348877 896.461487 830.605103
P0692 0.014679 172.489456 646.986633 224.750351 746.590637
P0692 0.012949 534.704163 392.677582 563.529846 510.996246
P0692 0.009787 565.164551 628.068848 613.559326 845.836914
P0692 0.008457 264.177612 221.248642 429.576904 629.535278
P0692 0.007639 724.587708 305.191391 897.0 546.826477
P0692 0.007512 757.711487 343.698059 829.010803 508.03479
P0692 0.007001 373.064606 232.910019 559.050293 614.659668
P0692 0.006173 620.20459 227.661331 778.313477 618.042053
P0692 0.005262 895.646606 624.752625 897.0 754.30072
P0693 0.024996 481.990829 338.032623 588.523514 490.369537
P0289 0.005979 149.153915 403.667648 237.688484 560.059814
P0066 0.167688 1856.08176 2261.683367 1958.263657 2319.119553
P0066 0.061632 729.495483 2391.776062 801.409546 2435.84552
P0066 0.025131 2143.965944 2262.207315 2173.008568 2271.175993
P0066 0.023032 926.031845 2609.345215 1043.418335 2770.404297
P0066 0.017413 254.392441 2625.527893 361.700439 2785.303101
P0066 0.017101 694.105225 2363.076904 834.087646 2481.529297
P0066 0.01273 815.888184 2391.584778 872.036743 2428.511658
P0066 0.01236 263.968689 2470.458496 385.291138 2678.77124
P0066 0.01025 931.056095 2361.791504 1024.001846 2501.208435
P0066 0.008364 853.964783 2393.415649 909.65509 2429.312622
P0066 0.007064 894.92926 2395.153503 950.733704 2430.533997
P0066 0.006717 463.488586 2348.000916 835.351746 2500.608948
P0066 0.006337 939.122013 1066.813782 1013.847305 1371.738464
P0066 0.006172 952.281353 2663.540222 1023.708359 2726.157898
P0066 0.006145 2403.422028 1849.782133 2445.030182 1851.791115
P0066 0.005637 1947.804672 2264.776887 2024.14183 2289.037327
P0066 0.005292 1265.508362 1001.437256 1329.093628 1021.974243
P0469 0.926726 465.233765 135.165802 564.526123 308.075256
P0469 0.916373 666.04895 452.184723 765.716431 629.788452
P0469 0.905571 350.541138 146.650604 446.212158 316.925873
P0469 0.896206 690.207275 103.212906 788.700684 300.463806
P0469 0.894874 579.737488 124.211571 678.816467 308.247681
P0469 0.880141 236.284683 155.243103 335.617767 339.86203
P0469 0.009154 372.026184 181.510574 415.945374 285.458862
P0469 0.008296 607.841064 159.475021 647.349609 264.815369
P0469 0.007784 711.499146 147.575439 756.640503 258.218719
P0469 0.005328 496.405304 165.035233 537.815308 271.064758
P0064 0.035576 951.728621 926.78904 987.921608 931.962867
P0064 0.023188 1382.515503 1178.452485 1439.099976 1194.381226
P0064 0.017572 936.437183 929.177133 953.503349 936.304385
P0064 0.014332 1394.468964 937.233738 1427.919403 954.707916
P0064 0.007275 1471.233093 934.081391 1508.537659 951.430576
P0064 0.006762 938.041485 1729.384583 952.954857 1745.302551
P0064 0.006186 2052.397484 1813.267761 2106.164093 1842.266785
P0064 0.005418 1125.444824 1176.635406 1175.327026 1186.232368
P0064 0.005337 927.179731 1560.231079 935.494671 1591.292419
P0063 0.299106 1971.500938 2386.097382 2005.558403 2442.31955
P0063 0.094839 1091.262451 933.693628 1130.015594 946.74781
P0063 0.060529 1048.978714 931.085361 1073.922714 948.009521
P0063 0.029477 1939.939209 149.203629 1948.0 189.608414
P0063 0.024079 1185.262878 934.729728 1235.285339 945.434948
P0063 0.022466 1522.708618 468.298859 1546.886108 515.009399
P0063 0.021799 928.960329 2314.033997 954.456236 2359.342651
P0063 0.021566 755.357422 1382.763794 787.706787 1437.939392
P0063 0.018767 961.510849 932.580922 991.537361 952.467224
P0063 0.015964 1079.928925 1857.614636 1127.36615 1872.503094
P0063 0.015451 943.16309 930.38928 956.818439 951.526495
P0063 0.015152 1929.452087 932.130367 1943.121887 964.654976
P0063 0.014912 1166.020676 929.592829 1200.762543 946.130774
P0063 0.013645 875.129028 930.802006 913.040894 946.800747
P0063 0.01119 1000.225769 935.515308 1014.764343 965.910656
P0063 0.010257 1956.386879 2361.282257 2025.196075 2466.596588
P0063 0.009341 723.496277 1382.149536 740.314148 1431.783997
P0063 0.009108 1326.090759 1857.432247 1348.551575 1865.09234
P0063 0.007756 780.135681 926.393066 812.786194 947.051268
P0063 0.006475 335.184937 2089.675812 355.141663 2106.223877
P0063 0.006277 1011.011276 934.519109 1034.67981 952.055363
P0063 0.00608 1353.940063 932.561931 1390.478943 946.465721
P0063 0.005628 834.898438 934.161148 868.716309 946.376289
P0063 0.00532 1892.155107 1855.555788 1911.563526 1867.244892
P0061 0.448218 1872.077576 321.348389 1915.577209 401.568481
P0061 0.440611 1803.190247 330.182465 1840.561584 400.159454
P0061 0.173587 931.0 651.51239 941.903321 730.247498
P0061 0.106037 1837.494995 327.098083 1874.928101 399.325867
P0061 0.078563 1927.454346 321.885559 1940.213745 401.02533
P0061 0.032724 1757.034851 344.638123 1787.413147 391.984619
P0061 0.021739 927.982354 697.548279 938.948657 752.942688
P0061 0.015722 938.236103 1379.504944 953.661228 1416.524475
P0061 0.006895 931.0 558.990479 959.105738 824.449829
P0061 0.00549 1172.646378 813.040176 1223.659393 840.123642
P0061 0.005487 1320.839905 1235.936188 1362.531799 1246.988251
P0460 0.945589 88.251442 262.533478 233.49942 457.35025
P0460 0.921659 204.8479 497.682648 354.755371 694.515442
P0460 0.903636 322.33609 730.061768 473.605072 928.912231
P0677 0.924911 623.609741 430.857391 709.81189 622.217529
P0677 0.892426 422.388153 118.16468 504.569489 302.363922
P0677 0.881866 308.156128 112.033821 394.941589 286.06366
P0677 0.880922 530.415955 122.387299 616.269958 298.507843
P0677 0.735132 185.526947 100.526993 280.500519 285.741394
P0677 0.735021 732.788269 432.209717 827.774475 628.440308
P0465 0.932843 873.572327 372.56189 1023.993469 596.537109
P0465 0.9235 991.81842 659.732117 1170.683411 878.980164
P0465 0.912521 324.140625 137.722107 468.079041 360.296295
P0465 0.903689 479.05484 66.401184 653.161072 278.84903
P0465 0.895179 752.60788 131.909241 904.731934 300.997406
P0465 0.84944 843.428284 41.992149 1015.690369 246.549866
P0465 0.833193 971.519592 322.683075 1158.773621 539.461029
P0465 0.076229 155.256897 531.690887 283.63385 639.209076
P0465 0.011682 910.425537 156.45639 1004.967896 274.189148
P0465 0.008633 346.301079 204.596405 424.130898 317.016266
P0465 0.00808 913.529358 438.220734 1002.402039 529.658875
P0465 0.007796 1038.813293 725.544983 1127.275208 818.747986
P0465 0.007718 1023.290527 385.88208 1094.083862 470.604675
P0465 0.007138 898.374695 98.997192 971.324036 185.216309
P0465 0.00674 424.46048 131.0 505.02005 231.191101
P0465 0.006678 48.311142 269.999084 211.847916 390.89325
P0465 0.005658 777.943787 134.680984 846.026917 229.140152
P0465 0.00557 995.097046 336.597443 1024.0 421.340729
P0465 0.005372 523.175659 122.758301 609.361328 224.931366
P0109 0.008859 463.870026 219.243797 531.151123 252.480907
P0119 0.005075 1782.245972 641.314087 1884.82373 656.334595
P0223 0.104673 132.047806 452.335712 239.920334 564.950302
P0223 0.012722 325.905853 556.421814 641.101074 908.082336
P0223 0.011421 344.171234 890.81958 480.640839 1022.927124
P0223 0.010011 569.046143 442.0 884.300171 568.132812
P0223 0.008837 344.503174 747.038849 624.706543 1195.14856
P0223 0.00883 469.476959 329.954224 743.701782 727.546387
P0223 0.006628 617.710571 1188.843872 912.368042 1398.762695
P0223 0.006249 486.908417 646.230392 802.816162 1069.829224
P0223 0.005485 176.749268 497.129242 467.848511 892.421051
P0900 0.069743 1585.581238 1643.053314 1662.258484 1901.346558
P0900 0.006695 8.374935 608.536804 123.363464 767.70282
P0151 0.390525 449.992676 419.4758 546.223938 485.368256
P0151 0.140788 449.737732 386.906799 537.187012 444.208862
P0151 0.116212 456.139954 486.023987 537.747986 533.914856
P0869 0.929073 204.150482 560.824707 379.925812 762.562866
P0869 0.907583 380.583191 709.335449 539.135925 877.391235
P0869 0.877284 301.028931 630.080811 457.185913 811.986938
P0869 0.872859 360.677032 450.802582 549.787292 611.314392
P0869 0.6322 470.277802 281.641953 690.080566 430.442932
P0869 0.175683 434.7565 369.126709 614.88147 524.7724
P0869 0.019571 596.656311 362.707855 707.23822 471.525909
P0869 0.016467 533.654785 328.439392 625.717163 407.634949
P0869 0.01517 623.347168 91.301884 684.809082 127.326378
P0869 0.014216 342.495605 688.065552 414.435181 769.937012
P0869 0.014093 484.488892 410.703766 573.843384 493.18399
P0869 0.011302 258.012268 616.34021 326.575989 699.098999
P0869 0.009077 399.666534 213.451111 664.067749 642.467712
P0869 0.00618 46.610077 808.450562 319.444641 971.007202
P0868 0.017142 861.238953 1885.940308 994.158386 1906.1698
P0868 0.015842 17.298569 6.513149 120.85083 113.802963
P0867 0.132542 1932.712616 1997.527893 1997.858643 2041.691467
P0867 0.015986 1915.273354 2010.24646 1967.327103 2048.463623
P0861 0.005682 1721.582642 1404.719666 1819.149658 1407.944519
P0350 0.937256 141.197205 345.132935 312.071594 533.856628
P0350 0.926014 498.237549 604.625183 661.115479 804.396912
P0350 0.882499 326.121979 476.395599 485.654816 653.757202
P0350 0.869021 229.096405 399.333496 398.340363 594.492798
P0350 0.862627 407.195984 550.321899 566.261353 721.023071
P0350 0.01368 364.294006 521.951355 441.243164 599.746399
P0350 0.010833 279.514862 447.02832 347.812469 529.058838
P0350 0.008271 195.00647 369.470795 266.373932 466.776886
P0350 0.006374 468.753723 609.835876 544.287415 680.426941
P0350 0.006083 547.353027 644.876587 617.307983 743.450317
P0350 0.005457 258.669556 496.365479 370.739563 631.281494
P0355 0.927795 398.19043 560.038879 531.555969 756.725159
P0355 0.919531 162.65567 500.92749 289.800385 697.215088
P0355 0.918843 290.840942 532.890137 405.590088 728.951172
P0355 0.918721 204.574814 174.942734 325.101776 359.271301
P0355 0.913554 321.210846 198.187561 436.953827 394.382874
P0355 0.905655 531.945251 251.509796 667.697449 458.720062
P0355 0.887967 430.846283 223.980438 544.069092 429.73526
P0355 0.008306 231.670166 648.746033 271.934448 684.351135
P0355 0.007968 206.291336 608.979065 290.689087 709.68634
P0294 0.008989 500.762054 980.877869 636.542358 1124.467957
P0294 0.008847 74.562454 933.095642 444.325134 1173.541687
P0294 0.00877 909.375854 450.516235 1017.441406 616.467407
P0294 0.008063 443.982086 939.06604 791.490448 1164.053345
P0294 0.007046 311.824341 1034.564758 682.368408 1213.627502
P0294 0.006548 621.613525 903.787598 766.010925 1024.0
P0294 0.005678 792.287598 395.784302 1074.423584 587.861084
P0512 0.891491 611.0 307.387695 721.346924 539.161743
P0512 0.871193 485.508301 334.437012 605.19812 554.509888
P0512 0.834435 353.062531 370.494537 466.93924 568.526611
P0512 0.80377 238.490189 385.843079 343.344604 576.253845
P0510 0.780486 650.025635 256.203552 714.193848 356.491943
P0510 0.775264 468.096954 276.71106 537.117889 371.455933
P0510 0.632504 532.803467 267.180359 592.291382 369.309021
P0510 0.559764 596.91748 264.447601 651.077515 356.484161
P0510 0.052796 473.176361 289.531738 519.613312 326.72998
P0510 0.027948 518.57959 287.97171 573.344971 333.287018
P0510 0.018079 581.169983 90.576981 775.185974 490.770203
P0510 0.00924 451.390564 268.333984 795.646301 371.800171
P0510 0.008484 703.919739 274.110413 741.44635 338.834167
P0884 0.909128 380.266541 1069.902832 544.649414 1265.266968
P0884 0.890487 159.854309 812.867188 328.333618 999.002686
P0884 0.882201 497.641876 274.107391 659.636292 464.342682
P0884 0.587771 82.821594 128.393219 260.370026 326.437561
P0884 0.585792 408.99649 218.610596 560.645752 387.978027
P0884 0.400433 294.492798 538.985413 446.618774 669.429871
P0884 0.325807 345.713989 447.693878 514.062805 591.579834
P0884 0.012162 413.966217 1117.010925 511.944 1208.954529
P0884 0.011941 432.476257 364.0 497.057983 395.958977
P0884 0.010337 382.105133 501.573853 447.557892 568.971008
P0884 0.007853 458.341187 259.111389 515.122253 335.134766
P0884 0.007371 615.145996 383.846581 662.886597 407.970318
P0884 0.006687 381.540619 364.0 549.130646 419.930126
P0884 0.005978 204.003586 856.45224 289.942688 941.722656
P0881 0.933306 420.033783 329.606812 503.791901 510.119324
P0881 0.922962 633.260376 345.635376 722.811646 517.723389
P0881 0.919431 313.691376 324.283966 399.141266 508.718231
P0881 0.916115 206.484436 322.733612 289.377167 504.804047
P0881 0.908014 531.231506 344.632263 616.70697 516.53418
P0881 0.900359 88.480072 316.443207 183.22348 501.099274
P0881 0.009218 123.514717 351.813385 168.845856 462.581818
P0881 0.008639 634.85199 177.360809 733.39801 196.621155
P0881 0.006214 813.048889 605.638 903.028137 845.086853
P0881 0.005357 322.257111 360.20932 359.215302 450.858368
P0883 0.936237 490.585724 610.857788 657.543457 801.010132
P0883 0.930156 863.658264 855.56311 1017.207214 1032.743774
P0883 0.917031 752.782288 773.104675 918.867249 965.709351
P0883 0.907983 662.484375 713.480713 817.383911 914.766907
P0883 0.896285 326.398163 508.003174 489.903046 694.57959
P0883 0.86003 238.716995 466.449577 381.175842 636.616943
P0883 0.708057 1002.358704 1073.128845 1188.22699 1218.51178
P0883 0.045174 448.321915 595.743164 532.13945 705.627808
P0883 0.015909 612.380981 704.083984 703.18335 820.557007
P0883 0.014325 338.405275 478.217995 399.115646 562.03418
P0883 0.012264 315.0 515.832642 351.194962 621.05127
P0883 0.011527 315.0 454.539139 367.194138 522.548508
P0883 0.011291 980.91449 979.273193 1024.0 1022.585938
P0078 0.310089 294.966278 52.880844 363.190338 167.351501
P0664 0.932139 828.750427 561.012573 986.508484 754.531616
P0664 0.928197 1025.57843 679.842712 1181.284241 872.280579
P0664 0.927483 731.130188 501.086243 894.490601 691.784729
P0664 0.912436 1121.192383 743.440308 1289.955322 924.97644
P0664 0.908363 932.556946 622.305786 1084.93927 804.872192
P0664 0.068324 93.585953 144.188959 342.125 203.202225
P0664 0.033434 382.408447 1.0 667.78772 205.228958
P0664 0.014129 931.039124 663.6745 999.956848 767.799011
P0664 0.005786 1259.562927 141.0 1365.220276 240.39254
P0664 0.005667 880.828979 599.793335 950.706421 699.544434
P0878 0.051852 1682.197693 4.015529 1771.218079 12.098438
P0878 0.007972 11.449716 1477.340698 26.881508 1592.028687
P0879 0.038164 2434.202576 1235.972046 2514.303162 1358.332947
P0879 0.037607 2842.813354 1906.775635 2865.009155 1947.636353
P0879 0.009465 1385.835541 841.64624 1437.333984 912.021851
P0879 0.005284 2264.002808 1180.951477 2343.768372 1276.014648
P0349 0.005037 2344.735321 172.07486 2413.549683 329.618805
P0870 0.92601 621.093811 663.868408 713.332458 828.382935
P0870 0.902426 527.187744 358.446533 624.180176 520.818054
P0870 0.89213 227.935028 608.327942 313.901154 792.325256
P0870 0.880879 659.752319 367.770416 745.985718 537.307983
P0870 0.87674 496.032867 630.413086 581.471191 836.075195
P0870 0.866163 357.463867 627.235779 446.512512 807.537903
P0870 0.861055 391.370911 337.947449 468.324463 506.987488
P0870 0.860452 265.136719 318.612732 347.775391 493.745239
P0874 0.781317 580.270142 384.578796 742.388184 536.992126
P0874 0.569057 847.932007 324.019562 1014.554321 420.661407
P0874 0.03363 1074.546326 442.93924 1275.951111 537.557556
P0874 0.007082 500.042328 502.825623 553.414185 554.752014
P0346 0.005092 3180.489105 1813.594666 3429.566528 1948.0
P0258 0.006307 488.793152 407.387939 747.924988 891.127075
P0503 0.92618 705.151855 190.62677 856.780396 368.395691
P0503 0.901924 494.889832 76.136505 654.4151 269.051666
P0503 0.90067 599.250854 135.37439 755.631958 328.274811
P0503 0.897851 467.297974 399.298859 629.477295 596.505432
P0503 0.88739 812.320862 229.194977 958.588684 415.229828
P0503 0.873477 485.36554 187.0 609.524597 286.067459
P0503 0.821146 666.678284 492.773804 829.841125 689.380798
P0503 0.809392 340.661682 668.585144 492.087341 834.992737
P0503 0.641486 577.588196 446.976837 718.741028 619.162964
P0503 0.034802 228.34024 617.888031 380.55484 793.557861
P0503 0.032607 613.407776 485.853729 681.92926 575.178467
P0503 0.030778 726.716248 532.032776 792.151794 615.312439
P0503 0.023732 450.435974 710.950928 599.357727 889.826904
P0503 0.019356 373.937897 686.628662 445.656464 782.74585
P0503 0.015259 457.17569 190.247519 500.196259 241.526451
P0503 0.011009 537.218567 116.398148 610.205383 225.128983
P0503 0.010242 500.968597 768.605591 557.300232 830.400269
P0503 0.009968 633.748413 195.177284 720.016357 297.330078
P0503 0.007333 498.014679 435.44809 583.769714 535.97525
P0503 0.005363 563.097107 193.900188 626.258484 244.336498
P0504 0.953723 480.524139 495.0 605.036499 672.438141
P0504 0.940557 431.406128 795.56311 565.03125 1024.687012
P0504 0.940245 684.597168 743.604095 796.097046 942.956207
P0504 0.936707 557.729248 767.65979 689.200684 986.288818
P0504 0.933098 605.900146 495.0 724.678101 648.734299
P0504 0.925268 724.421509 390.307739 840.235962 611.864075
P0504 0.916421 352.386993 507.506737 483.251923 702.404541
P0504 0.891642 796.940918 703.393997 946.248535 929.993652
P0504 0.809543 283.793152 852.465332 408.021851 987.052368
P0504 0.04365 312.208435 971.105133 423.955261 1064.657166
P0504 0.012449 708.607666 870.854919 824.906006 964.007141
P0504 0.01198 584.820435 823.281616 648.381592 931.324463
P0504 0.009113 842.298218 760.653015 910.907593 882.363586
P0504 0.007289 508.318115 512.350281 565.362305 625.91095
P0504 0.007056 705.624207 791.771179 766.333069 888.876038
P0504 0.00529 1422.718811 276.19455 1749.700867 641.604614
P0505 0.942762 547.238892 368.571198 655.624268 548.233521
P0505 0.921824 577.926514 676.202087 678.063232 827.188049
P0505 0.918745 469.130066 634.262268 581.188049 818.217102
P0505 0.90363 610.936279 957.668808 711.105469 1134.735794
P0505 0.882473 653.416809 387.187683 756.71698 569.261902
P0505 0.844621 765.53186 415.204865 863.994751 591.40387
P0505 0.834504 505.038971 941.301552 612.119507 1118.156891
P0505 0.829876 684.857422 690.610535 781.175537 855.843445
P0505 0.014139 9.524727 316.401337 66.879448 587.436646
P0505 0.005223 1.0 1.0 28.125923 8.463869
